"Relative Time (Process)","StudyAbroadGPT-7B-continued - system/gpu.0.memoryAllocated","StudyAbroadGPT-7B-continued - system/gpu.0.memoryAllocated__MIN","StudyAbroadGPT-7B-continued - system/gpu.0.memoryAllocated__MAX","StudyAbroadGPT-7B-continued - system/gpu.1.memoryAllocated","StudyAbroadGPT-7B-continued - system/gpu.1.memoryAllocated__MIN","StudyAbroadGPT-7B-continued - system/gpu.1.memoryAllocated__MAX"
"15.282726015","2.6554361979166665","2.6554361979166665","2.6554361979166665","2.5252278645833335","2.5252278645833335","2.5252278645833335"
"25.265648523","28.462727864583332","28.462727864583332","28.462727864583332","2.5252278645833335","2.5252278645833335","2.5252278645833335"
"35.268134699","30.67626953125","30.67626953125","30.67626953125","2.5252278645833335","2.5252278645833335","2.5252278645833335"
"45.276054403","49.517415364583336","49.517415364583336","49.517415364583336","2.5252278645833335","2.5252278645833335","2.5252278645833335"
"55.269090567","57.030436197916664","57.030436197916664","57.030436197916664","2.5252278645833335","2.5252278645833335","2.5252278645833335"
"65.271829729","58.02001953125","58.02001953125","58.02001953125","2.5252278645833335","2.5252278645833335","2.5252278645833335"
"75.268575932","58.09814453124999","58.09814453124999","58.09814453124999","2.55126953125","2.55126953125","2.55126953125"
"85.276529561","58.11116536458333","58.11116536458333","58.11116536458333","2.55126953125","2.55126953125","2.55126953125"
"95.267709641","58.11116536458333","58.11116536458333","58.11116536458333","2.55126953125","2.55126953125","2.55126953125"
"105.26622235","58.11116536458333","58.11116536458333","58.11116536458333","2.55126953125","2.55126953125","2.55126953125"
"115.265448016","58.11116536458333","58.11116536458333","58.11116536458333","2.55126953125","2.55126953125","2.55126953125"
"125.268289862","58.11116536458333","58.11116536458333","58.11116536458333","2.55126953125","2.55126953125","2.55126953125"
"135.268787834","58.12418619791667","58.12418619791667","58.12418619791667","2.5642903645833335","2.5642903645833335","2.5642903645833335"
"145.267607564","58.12418619791667","58.12418619791667","58.12418619791667","2.5642903645833335","2.5642903645833335","2.5642903645833335"
"155.266615147","58.12418619791667","58.12418619791667","58.12418619791667","2.5642903645833335","2.5642903645833335","2.5642903645833335"
"165.273888851","58.12418619791667","58.12418619791667","58.12418619791667","2.5642903645833335","2.5642903645833335","2.5642903645833335"
"175.266194678","58.12418619791667","58.12418619791667","58.12418619791667","2.5642903645833335","2.5642903645833335","2.5642903645833335"
"945.267685732","58.60595703125","58.60595703125","58.60595703125","2.5642903645833335","2.5642903645833335","2.5642903645833335"
"955.265614151","58.60595703125","58.60595703125","58.60595703125","2.5642903645833335","2.5642903645833335","2.5642903645833335"
"965.266567442","58.60595703125","58.60595703125","58.60595703125","2.5642903645833335","2.5642903645833335","2.5642903645833335"
"975.267032727","58.60595703125","58.60595703125","58.60595703125","2.5642903645833335","2.5642903645833335","2.5642903645833335"
"985.267835171","58.60595703125","58.60595703125","58.60595703125","2.5642903645833335","2.5642903645833335","2.5642903645833335"
"995.265477487","58.60595703125","58.60595703125","58.60595703125","2.5642903645833335","2.5642903645833335","2.5642903645833335"
"1005.267035756","58.60595703125","58.60595703125","58.60595703125","2.5642903645833335","2.5642903645833335","2.5642903645833335"
"1015.265546242","58.60595703125","58.60595703125","58.60595703125","2.5642903645833335","2.5642903645833335","2.5642903645833335"
"1035.2668394","57.212727864583336","57.212727864583336","57.212727864583336","2.5642903645833335","2.5642903645833335","2.5642903645833335"
"1045.266411634","69.33512369791667","69.33512369791667","69.33512369791667","2.5642903645833335","2.5642903645833335","2.5642903645833335"
"1055.265837761","73.08512369791667","73.08512369791667","73.08512369791667","2.5642903645833335","2.5642903645833335","2.5642903645833335"
"1065.271039921","73.52783203125","73.52783203125","73.52783203125","2.5642903645833335","2.5642903645833335","2.5642903645833335"
"1075.268876502","73.55387369791667","73.55387369791667","73.55387369791667","2.5642903645833335","2.5642903645833335","2.5642903645833335"
"1085.273139789","73.55387369791667","73.55387369791667","73.55387369791667","2.5642903645833335","2.5642903645833335","2.5642903645833335"
"1095.267500395","73.55387369791667","73.55387369791667","73.55387369791667","2.5642903645833335","2.5642903645833335","2.5642903645833335"
"1105.265939952","73.55387369791667","73.55387369791667","73.55387369791667","2.5642903645833335","2.5642903645833335","2.5642903645833335"
"1115.26547951","73.55387369791667","73.55387369791667","73.55387369791667","2.5642903645833335","2.5642903645833335","2.5642903645833335"
"1125.268191527","73.55387369791667","73.55387369791667","73.55387369791667","2.5642903645833335","2.5642903645833335","2.5642903645833335"
"1135.267267404","73.55387369791667","73.55387369791667","73.55387369791667","2.5642903645833335","2.5642903645833335","2.5642903645833335"
"1145.265542271","73.55387369791667","73.55387369791667","73.55387369791667","2.5642903645833335","2.5642903645833335","2.5642903645833335"
"1155.270195255","73.55387369791667","73.55387369791667","73.55387369791667","2.5642903645833335","2.5642903645833335","2.5642903645833335"
"1165.265521817","73.55387369791667","73.55387369791667","73.55387369791667","2.5642903645833335","2.5642903645833335","2.5642903645833335"
"1175.26691707","73.55387369791667","73.55387369791667","73.55387369791667","2.5642903645833335","2.5642903645833335","2.5642903645833335"
"1185.272515968","74.03564453125","74.03564453125","74.03564453125","2.5642903645833335","2.5642903645833335","2.5642903645833335"
"1195.266001313","74.07470703125","74.07470703125","74.07470703125","2.5642903645833335","2.5642903645833335","2.5642903645833335"
"1205.265507775","74.10074869791666","74.10074869791666","74.10074869791666","2.5642903645833335","2.5642903645833335","2.5642903645833335"
"1215.273814613","74.11376953125","74.11376953125","74.11376953125","2.5642903645833335","2.5642903645833335","2.5642903645833335"
"1225.265528457","74.11376953125","74.11376953125","74.11376953125","2.5642903645833335","2.5642903645833335","2.5642903645833335"
"1235.265692333","74.11376953125","74.11376953125","74.11376953125","2.5642903645833335","2.5642903645833335","2.5642903645833335"
"1245.274446643","74.11376953125","74.11376953125","74.11376953125","2.5642903645833335","2.5642903645833335","2.5642903645833335"
"1255.275641964","74.11376953125","74.11376953125","74.11376953125","2.5642903645833335","2.5642903645833335","2.5642903645833335"
"1265.265354113","74.11376953125","74.11376953125","74.11376953125","2.5642903645833335","2.5642903645833335","2.5642903645833335"
"1275.270426836","74.11376953125","74.11376953125","74.11376953125","2.5642903645833335","2.5642903645833335","2.5642903645833335"
"1285.265503381","74.11376953125","74.11376953125","74.11376953125","2.5642903645833335","2.5642903645833335","2.5642903645833335"
"1295.268258961","74.11376953125","74.11376953125","74.11376953125","2.5642903645833335","2.5642903645833335","2.5642903645833335"
"1305.271934497","74.11376953125","74.11376953125","74.11376953125","2.5642903645833335","2.5642903645833335","2.5642903645833335"
"1315.265738672","74.11376953125","74.11376953125","74.11376953125","2.5642903645833335","2.5642903645833335","2.5642903645833335"
"1325.272673178","74.11376953125","74.11376953125","74.11376953125","2.5642903645833335","2.5642903645833335","2.5642903645833335"
"1335.275614913","74.11376953125","74.11376953125","74.11376953125","2.5642903645833335","2.5642903645833335","2.5642903645833335"
"1345.267954801","74.11376953125","74.11376953125","74.11376953125","2.5642903645833335","2.5642903645833335","2.5642903645833335"
"1355.265229372","74.11376953125","74.11376953125","74.11376953125","2.5642903645833335","2.5642903645833335","2.5642903645833335"
"1365.268519901","74.11376953125","74.11376953125","74.11376953125","2.5642903645833335","2.5642903645833335","2.5642903645833335"
"1375.267413549","74.11376953125","74.11376953125","74.11376953125","2.5642903645833335","2.5642903645833335","2.5642903645833335"
"1385.272998202","74.11376953125","74.11376953125","74.11376953125","2.5642903645833335","2.5642903645833335","2.5642903645833335"
"1395.268350244","74.11376953125","74.11376953125","74.11376953125","2.5642903645833335","2.5642903645833335","2.5642903645833335"
"1405.268613342","74.11376953125","74.11376953125","74.11376953125","2.5642903645833335","2.5642903645833335","2.5642903645833335"
"1415.267982808","74.11376953125","74.11376953125","74.11376953125","2.5642903645833335","2.5642903645833335","2.5642903645833335"
"1425.267386786","74.11376953125","74.11376953125","74.11376953125","2.5642903645833335","2.5642903645833335","2.5642903645833335"
"1435.26550606","74.11376953125","74.11376953125","74.11376953125","2.5642903645833335","2.5642903645833335","2.5642903645833335"
"1445.277250061","74.11376953125","74.11376953125","74.11376953125","2.5642903645833335","2.5642903645833335","2.5642903645833335"
"1455.266123245","74.11376953125","74.11376953125","74.11376953125","2.5642903645833335","2.5642903645833335","2.5642903645833335"
"1465.267954251","74.12679036458333","74.12679036458333","74.12679036458333","2.5642903645833335","2.5642903645833335","2.5642903645833335"
"1475.271793395","74.12679036458333","74.12679036458333","74.12679036458333","2.5642903645833335","2.5642903645833335","2.5642903645833335"
"1485.278676568","74.12679036458333","74.12679036458333","74.12679036458333","2.5642903645833335","2.5642903645833335","2.5642903645833335"
"1495.266083721","74.12679036458333","74.12679036458333","74.12679036458333","2.5642903645833335","2.5642903645833335","2.5642903645833335"
"1505.269389895","74.12679036458333","74.12679036458333","74.12679036458333","2.5642903645833335","2.5642903645833335","2.5642903645833335"
"1515.26953179","74.12679036458333","74.12679036458333","74.12679036458333","2.5642903645833335","2.5642903645833335","2.5642903645833335"
"1525.266012213","74.12679036458333","74.12679036458333","74.12679036458333","2.5642903645833335","2.5642903645833335","2.5642903645833335"
"1535.266745837","74.12679036458333","74.12679036458333","74.12679036458333","2.5642903645833335","2.5642903645833335","2.5642903645833335"
"1545.275819445","74.12679036458333","74.12679036458333","74.12679036458333","2.5642903645833335","2.5642903645833335","2.5642903645833335"
"1555.271631822","74.12679036458333","74.12679036458333","74.12679036458333","2.5642903645833335","2.5642903645833335","2.5642903645833335"
"1565.266599464","74.12679036458333","74.12679036458333","74.12679036458333","2.5642903645833335","2.5642903645833335","2.5642903645833335"
"1575.265281584","74.12679036458333","74.12679036458333","74.12679036458333","2.5642903645833335","2.5642903645833335","2.5642903645833335"
"1585.269237838","74.12679036458333","74.12679036458333","74.12679036458333","2.5642903645833335","2.5642903645833335","2.5642903645833335"
"1595.26853866","74.12679036458333","74.12679036458333","74.12679036458333","2.5642903645833335","2.5642903645833335","2.5642903645833335"
"1605.267992268","74.12679036458333","74.12679036458333","74.12679036458333","2.5642903645833335","2.5642903645833335","2.5642903645833335"
"1615.267880841","74.12679036458333","74.12679036458333","74.12679036458333","2.5642903645833335","2.5642903645833335","2.5642903645833335"
"1625.271129483","74.12679036458333","74.12679036458333","74.12679036458333","2.5642903645833335","2.5642903645833335","2.5642903645833335"
"1635.276349915","74.12679036458333","74.12679036458333","74.12679036458333","2.5642903645833335","2.5642903645833335","2.5642903645833335"
"1645.270105984","74.12679036458333","74.12679036458333","74.12679036458333","2.5642903645833335","2.5642903645833335","2.5642903645833335"
"1655.265537282","74.12679036458333","74.12679036458333","74.12679036458333","2.5642903645833335","2.5642903645833335","2.5642903645833335"
"1665.27384965","74.12679036458333","74.12679036458333","74.12679036458333","2.5642903645833335","2.5642903645833335","2.5642903645833335"
"1675.26928571","74.12679036458333","74.12679036458333","74.12679036458333","2.5642903645833335","2.5642903645833335","2.5642903645833335"
"1685.277326669","74.12679036458333","74.12679036458333","74.12679036458333","2.5642903645833335","2.5642903645833335","2.5642903645833335"
"1695.268443525","74.12679036458333","74.12679036458333","74.12679036458333","2.5642903645833335","2.5642903645833335","2.5642903645833335"
"1705.267053081","74.12679036458333","74.12679036458333","74.12679036458333","2.5642903645833335","2.5642903645833335","2.5642903645833335"
"1715.269343698","74.12679036458333","74.12679036458333","74.12679036458333","2.5642903645833335","2.5642903645833335","2.5642903645833335"
"1725.273265352","74.12679036458333","74.12679036458333","74.12679036458333","2.5642903645833335","2.5642903645833335","2.5642903645833335"
"1735.268585195","74.12679036458333","74.12679036458333","74.12679036458333","2.5642903645833335","2.5642903645833335","2.5642903645833335"
"1745.267097476","74.12679036458333","74.12679036458333","74.12679036458333","2.5642903645833335","2.5642903645833335","2.5642903645833335"
"1755.265345918","74.12679036458333","74.12679036458333","74.12679036458333","2.5642903645833335","2.5642903645833335","2.5642903645833335"
"1765.269911679","74.13981119791667","74.13981119791667","74.13981119791667","2.5642903645833335","2.5642903645833335","2.5642903645833335"
"1775.266144078","74.13981119791667","74.13981119791667","74.13981119791667","2.5642903645833335","2.5642903645833335","2.5642903645833335"
"1785.266635934","74.13981119791667","74.13981119791667","74.13981119791667","2.5642903645833335","2.5642903645833335","2.5642903645833335"
"1795.267275418","74.13981119791667","74.13981119791667","74.13981119791667","2.5642903645833335","2.5642903645833335","2.5642903645833335"
"1805.267045778","74.13981119791667","74.13981119791667","74.13981119791667","2.5642903645833335","2.5642903645833335","2.5642903645833335"
"1815.26689334","74.13981119791667","74.13981119791667","74.13981119791667","2.5642903645833335","2.5642903645833335","2.5642903645833335"
"1825.26683354","74.13981119791667","74.13981119791667","74.13981119791667","2.5642903645833335","2.5642903645833335","2.5642903645833335"
"1835.271801952","74.13981119791667","74.13981119791667","74.13981119791667","2.5642903645833335","2.5642903645833335","2.5642903645833335"
"1845.269770361","74.13981119791667","74.13981119791667","74.13981119791667","2.5642903645833335","2.5642903645833335","2.5642903645833335"
"1855.27610869","74.13981119791667","74.13981119791667","74.13981119791667","2.5642903645833335","2.5642903645833335","2.5642903645833335"
"1865.278790661","74.13981119791667","74.13981119791667","74.13981119791667","2.5642903645833335","2.5642903645833335","2.5642903645833335"
"1875.266656143","74.13981119791667","74.13981119791667","74.13981119791667","2.5642903645833335","2.5642903645833335","2.5642903645833335"
"1885.276794145","74.13981119791667","74.13981119791667","74.13981119791667","2.5642903645833335","2.5642903645833335","2.5642903645833335"
"1895.271543898","74.13981119791667","74.13981119791667","74.13981119791667","2.5642903645833335","2.5642903645833335","2.5642903645833335"
"1905.269028552","74.13981119791667","74.13981119791667","74.13981119791667","2.5642903645833335","2.5642903645833335","2.5642903645833335"
"1915.270332614","74.13981119791667","74.13981119791667","74.13981119791667","2.5642903645833335","2.5642903645833335","2.5642903645833335"
"1925.265761443","74.13981119791667","74.13981119791667","74.13981119791667","2.5642903645833335","2.5642903645833335","2.5642903645833335"
"1935.272480052","74.13981119791667","74.13981119791667","74.13981119791667","2.5642903645833335","2.5642903645833335","2.5642903645833335"
"1945.266799366","74.13981119791667","74.13981119791667","74.13981119791667","2.5642903645833335","2.5642903645833335","2.5642903645833335"
"1955.271863979","74.13981119791667","74.13981119791667","74.13981119791667","2.5642903645833335","2.5642903645833335","2.5642903645833335"
"1965.267282401","74.13981119791667","74.13981119791667","74.13981119791667","2.5642903645833335","2.5642903645833335","2.5642903645833335"
"1975.267491962","74.13981119791667","74.13981119791667","74.13981119791667","2.5642903645833335","2.5642903645833335","2.5642903645833335"
"1985.265093311","74.13981119791667","74.13981119791667","74.13981119791667","2.5642903645833335","2.5642903645833335","2.5642903645833335"
"1995.268007845","74.13981119791667","74.13981119791667","74.13981119791667","2.5642903645833335","2.5642903645833335","2.5642903645833335"
"2005.266706374","74.13981119791667","74.13981119791667","74.13981119791667","2.5642903645833335","2.5642903645833335","2.5642903645833335"
"2015.266817986","74.13981119791667","74.13981119791667","74.13981119791667","2.5642903645833335","2.5642903645833335","2.5642903645833335"
"2025.266251374","74.13981119791667","74.13981119791667","74.13981119791667","2.5642903645833335","2.5642903645833335","2.5642903645833335"
"2035.265732348","74.13981119791667","74.13981119791667","74.13981119791667","2.5642903645833335","2.5642903645833335","2.5642903645833335"
"2045.267223778","74.13981119791667","74.13981119791667","74.13981119791667","2.5642903645833335","2.5642903645833335","2.5642903645833335"
"2055.274725907","74.13981119791667","74.13981119791667","74.13981119791667","2.5642903645833335","2.5642903645833335","2.5642903645833335"
"2065.27115954","74.13981119791667","74.13981119791667","74.13981119791667","2.5642903645833335","2.5642903645833335","2.5642903645833335"
"2075.26774375","74.13981119791667","74.13981119791667","74.13981119791667","2.5642903645833335","2.5642903645833335","2.5642903645833335"
"2085.265976736","74.13981119791667","74.13981119791667","74.13981119791667","2.5642903645833335","2.5642903645833335","2.5642903645833335"
"2095.270005366","74.13981119791667","74.13981119791667","74.13981119791667","2.5642903645833335","2.5642903645833335","2.5642903645833335"
"2105.276182641","74.13981119791667","74.13981119791667","74.13981119791667","2.5642903645833335","2.5642903645833335","2.5642903645833335"
"2115.268211421","74.13981119791667","74.13981119791667","74.13981119791667","2.5642903645833335","2.5642903645833335","2.5642903645833335"
"2125.267017844","74.13981119791667","74.13981119791667","74.13981119791667","2.5642903645833335","2.5642903645833335","2.5642903645833335"
"2135.266607762","74.13981119791667","74.13981119791667","74.13981119791667","2.5642903645833335","2.5642903645833335","2.5642903645833335"
"2145.267921145","74.13981119791667","74.13981119791667","74.13981119791667","2.5642903645833335","2.5642903645833335","2.5642903645833335"
"2155.269618332","74.13981119791667","74.13981119791667","74.13981119791667","2.5642903645833335","2.5642903645833335","2.5642903645833335"
"2165.267561466","74.13981119791667","74.13981119791667","74.13981119791667","2.5642903645833335","2.5642903645833335","2.5642903645833335"
"2175.266147109","74.13981119791667","74.13981119791667","74.13981119791667","2.5642903645833335","2.5642903645833335","2.5642903645833335"
"2185.266571834","74.13981119791667","74.13981119791667","74.13981119791667","2.5642903645833335","2.5642903645833335","2.5642903645833335"
"2195.269245093","74.13981119791667","74.13981119791667","74.13981119791667","2.5642903645833335","2.5642903645833335","2.5642903645833335"
"2205.27263517","74.13981119791667","74.13981119791667","74.13981119791667","2.5642903645833335","2.5642903645833335","2.5642903645833335"
"2215.265277177","74.13981119791667","74.13981119791667","74.13981119791667","2.5642903645833335","2.5642903645833335","2.5642903645833335"
"2225.272642469","74.13981119791667","74.13981119791667","74.13981119791667","2.5642903645833335","2.5642903645833335","2.5642903645833335"
"2235.267314278","74.13981119791667","74.13981119791667","74.13981119791667","2.5642903645833335","2.5642903645833335","2.5642903645833335"
"2245.267459558","74.13981119791667","74.13981119791667","74.13981119791667","2.5642903645833335","2.5642903645833335","2.5642903645833335"
"2255.274675387","74.13981119791667","74.13981119791667","74.13981119791667","2.5642903645833335","2.5642903645833335","2.5642903645833335"
"2265.270022487","74.13981119791667","74.13981119791667","74.13981119791667","2.5642903645833335","2.5642903645833335","2.5642903645833335"
"2275.281602606","74.13981119791667","74.13981119791667","74.13981119791667","2.5642903645833335","2.5642903645833335","2.5642903645833335"
"2285.270281626","74.13981119791667","74.13981119791667","74.13981119791667","2.5642903645833335","2.5642903645833335","2.5642903645833335"
"2295.27745621","74.13981119791667","74.13981119791667","74.13981119791667","2.5642903645833335","2.5642903645833335","2.5642903645833335"
"2305.269133449","74.13981119791667","74.13981119791667","74.13981119791667","2.5642903645833335","2.5642903645833335","2.5642903645833335"
"2315.268426861","74.13981119791667","74.13981119791667","74.13981119791667","2.5642903645833335","2.5642903645833335","2.5642903645833335"
"2325.269286617","74.13981119791667","74.13981119791667","74.13981119791667","2.5642903645833335","2.5642903645833335","2.5642903645833335"
"2335.269805861","74.13981119791667","74.13981119791667","74.13981119791667","2.5642903645833335","2.5642903645833335","2.5642903645833335"
"2345.268670194","74.13981119791667","74.13981119791667","74.13981119791667","2.5642903645833335","2.5642903645833335","2.5642903645833335"
"2355.268776163","74.13981119791667","74.13981119791667","74.13981119791667","2.5642903645833335","2.5642903645833335","2.5642903645833335"
"2365.269933866","74.13981119791667","74.13981119791667","74.13981119791667","2.5642903645833335","2.5642903645833335","2.5642903645833335"
"2375.270735103","74.13981119791667","74.13981119791667","74.13981119791667","2.5642903645833335","2.5642903645833335","2.5642903645833335"
"2385.278791673","74.13981119791667","74.13981119791667","74.13981119791667","2.5642903645833335","2.5642903645833335","2.5642903645833335"
"2395.26693152","74.13981119791667","74.13981119791667","74.13981119791667","2.5642903645833335","2.5642903645833335","2.5642903645833335"
"2405.268414341","74.13981119791667","74.13981119791667","74.13981119791667","2.5642903645833335","2.5642903645833335","2.5642903645833335"
"2415.268109819","74.13981119791667","74.13981119791667","74.13981119791667","2.5642903645833335","2.5642903645833335","2.5642903645833335"
"2425.267155547","74.13981119791667","74.13981119791667","74.13981119791667","2.5642903645833335","2.5642903645833335","2.5642903645833335"
"2435.266346117","74.13981119791667","74.13981119791667","74.13981119791667","2.5642903645833335","2.5642903645833335","2.5642903645833335"
"2445.266166085","74.13981119791667","74.13981119791667","74.13981119791667","2.5642903645833335","2.5642903645833335","2.5642903645833335"
"2455.273274064","74.13981119791667","74.13981119791667","74.13981119791667","2.5642903645833335","2.5642903645833335","2.5642903645833335"
"2465.267590452","74.13981119791667","74.13981119791667","74.13981119791667","2.5642903645833335","2.5642903645833335","2.5642903645833335"
"2475.266043811","74.13981119791667","74.13981119791667","74.13981119791667","2.5642903645833335","2.5642903645833335","2.5642903645833335"
"2485.265839923","74.13981119791667","74.13981119791667","74.13981119791667","2.5642903645833335","2.5642903645833335","2.5642903645833335"
"2495.266739408","74.13981119791667","74.13981119791667","74.13981119791667","2.5642903645833335","2.5642903645833335","2.5642903645833335"
"2505.267934602","74.13981119791667","74.13981119791667","74.13981119791667","2.5642903645833335","2.5642903645833335","2.5642903645833335"
"2515.271041929","74.13981119791667","74.13981119791667","74.13981119791667","2.5642903645833335","2.5642903645833335","2.5642903645833335"
"2525.267353795","74.13981119791667","74.13981119791667","74.13981119791667","2.5642903645833335","2.5642903645833335","2.5642903645833335"
"2535.26976709","74.13981119791667","74.13981119791667","74.13981119791667","2.5642903645833335","2.5642903645833335","2.5642903645833335"
"2545.27037988","74.13981119791667","74.13981119791667","74.13981119791667","2.5642903645833335","2.5642903645833335","2.5642903645833335"
"2555.267816106","74.13981119791667","74.13981119791667","74.13981119791667","2.5642903645833335","2.5642903645833335","2.5642903645833335"
"2565.267601776","74.13981119791667","74.13981119791667","74.13981119791667","2.5642903645833335","2.5642903645833335","2.5642903645833335"
"2575.265118334","74.13981119791667","74.13981119791667","74.13981119791667","2.5642903645833335","2.5642903645833335","2.5642903645833335"
"2585.265934865","74.13981119791667","74.13981119791667","74.13981119791667","2.5642903645833335","2.5642903645833335","2.5642903645833335"
"2595.268348133","74.13981119791667","74.13981119791667","74.13981119791667","2.5642903645833335","2.5642903645833335","2.5642903645833335"
"2605.265436982","74.13981119791667","74.13981119791667","74.13981119791667","2.5642903645833335","2.5642903645833335","2.5642903645833335"
"2615.271201909","74.13981119791667","74.13981119791667","74.13981119791667","2.5642903645833335","2.5642903645833335","2.5642903645833335"
"2625.269559732","74.13981119791667","74.13981119791667","74.13981119791667","2.5642903645833335","2.5642903645833335","2.5642903645833335"
"2635.273707077","74.13981119791667","74.13981119791667","74.13981119791667","2.5642903645833335","2.5642903645833335","2.5642903645833335"
"2645.268105033","74.13981119791667","74.13981119791667","74.13981119791667","2.5642903645833335","2.5642903645833335","2.5642903645833335"
"2655.267836099","74.13981119791667","74.13981119791667","74.13981119791667","2.5642903645833335","2.5642903645833335","2.5642903645833335"
"2665.266293895","74.13981119791667","74.13981119791667","74.13981119791667","2.5642903645833335","2.5642903645833335","2.5642903645833335"
"2675.278267345","74.13981119791667","74.13981119791667","74.13981119791667","2.5642903645833335","2.5642903645833335","2.5642903645833335"
"2685.265511633","74.13981119791667","74.13981119791667","74.13981119791667","2.5642903645833335","2.5642903645833335","2.5642903645833335"
"2695.266600786","74.13981119791667","74.13981119791667","74.13981119791667","2.5642903645833335","2.5642903645833335","2.5642903645833335"
"2705.272781807","74.13981119791667","74.13981119791667","74.13981119791667","2.5642903645833335","2.5642903645833335","2.5642903645833335"
"2715.269744156","74.13981119791667","74.13981119791667","74.13981119791667","2.5642903645833335","2.5642903645833335","2.5642903645833335"
"2725.265505364","74.13981119791667","74.13981119791667","74.13981119791667","2.5642903645833335","2.5642903645833335","2.5642903645833335"
"2735.270146616","74.13981119791667","74.13981119791667","74.13981119791667","2.5642903645833335","2.5642903645833335","2.5642903645833335"
"2745.280402169","74.13981119791667","74.13981119791667","74.13981119791667","2.5642903645833335","2.5642903645833335","2.5642903645833335"
"2755.276097714","74.13981119791667","74.13981119791667","74.13981119791667","2.5642903645833335","2.5642903645833335","2.5642903645833335"
"2765.268603386","74.13981119791667","74.13981119791667","74.13981119791667","2.5642903645833335","2.5642903645833335","2.5642903645833335"
"2775.268015315","74.13981119791667","74.13981119791667","74.13981119791667","2.5642903645833335","2.5642903645833335","2.5642903645833335"
"2785.267317265","74.13981119791667","74.13981119791667","74.13981119791667","2.5642903645833335","2.5642903645833335","2.5642903645833335"
"2795.267111057","74.13981119791667","74.13981119791667","74.13981119791667","2.5642903645833335","2.5642903645833335","2.5642903645833335"
"2805.266532622","74.13981119791667","74.13981119791667","74.13981119791667","2.5642903645833335","2.5642903645833335","2.5642903645833335"
"2815.270501722","74.13981119791667","74.13981119791667","74.13981119791667","2.5642903645833335","2.5642903645833335","2.5642903645833335"
"2825.266518576","74.13981119791667","74.13981119791667","74.13981119791667","2.5642903645833335","2.5642903645833335","2.5642903645833335"
"2835.267824103","74.13981119791667","74.13981119791667","74.13981119791667","2.5642903645833335","2.5642903645833335","2.5642903645833335"
"2845.265712586","74.13981119791667","74.13981119791667","74.13981119791667","2.5642903645833335","2.5642903645833335","2.5642903645833335"
"2855.265060446","74.13981119791667","74.13981119791667","74.13981119791667","2.5642903645833335","2.5642903645833335","2.5642903645833335"
"2865.266951665","74.13981119791667","74.13981119791667","74.13981119791667","2.5642903645833335","2.5642903645833335","2.5642903645833335"
"2875.267031396","74.13981119791667","74.13981119791667","74.13981119791667","2.5642903645833335","2.5642903645833335","2.5642903645833335"
"2885.268632402","74.13981119791667","74.13981119791667","74.13981119791667","2.5642903645833335","2.5642903645833335","2.5642903645833335"
"2895.265928464","74.13981119791667","74.13981119791667","74.13981119791667","2.5642903645833335","2.5642903645833335","2.5642903645833335"
"2905.267130844","74.13981119791667","74.13981119791667","74.13981119791667","2.5642903645833335","2.5642903645833335","2.5642903645833335"
"2915.269853103","74.13981119791667","74.13981119791667","74.13981119791667","2.5642903645833335","2.5642903645833335","2.5642903645833335"
"2925.278221941","74.13981119791667","74.13981119791667","74.13981119791667","2.5642903645833335","2.5642903645833335","2.5642903645833335"
"2935.276070701","74.13981119791667","74.13981119791667","74.13981119791667","2.5642903645833335","2.5642903645833335","2.5642903645833335"
"2945.265646511","74.13981119791667","74.13981119791667","74.13981119791667","2.5642903645833335","2.5642903645833335","2.5642903645833335"
"2955.272268848","74.13981119791667","74.13981119791667","74.13981119791667","2.5642903645833335","2.5642903645833335","2.5642903645833335"
"2965.265286886","74.13981119791667","74.13981119791667","74.13981119791667","2.5642903645833335","2.5642903645833335","2.5642903645833335"
"2975.26700083","74.13981119791667","74.13981119791667","74.13981119791667","2.5642903645833335","2.5642903645833335","2.5642903645833335"
"2985.2660491","74.13981119791667","74.13981119791667","74.13981119791667","2.5642903645833335","2.5642903645833335","2.5642903645833335"
"2995.268222264","74.13981119791667","74.13981119791667","74.13981119791667","2.5642903645833335","2.5642903645833335","2.5642903645833335"
"3005.269070349","74.13981119791667","74.13981119791667","74.13981119791667","2.5642903645833335","2.5642903645833335","2.5642903645833335"
"3015.265623971","74.13981119791667","74.13981119791667","74.13981119791667","2.5642903645833335","2.5642903645833335","2.5642903645833335"
"3025.269203756","74.13981119791667","74.13981119791667","74.13981119791667","2.5642903645833335","2.5642903645833335","2.5642903645833335"
"3035.269152952","74.13981119791667","74.13981119791667","74.13981119791667","2.5642903645833335","2.5642903645833335","2.5642903645833335"
"3045.269588767","74.13981119791667","74.13981119791667","74.13981119791667","2.5642903645833335","2.5642903645833335","2.5642903645833335"
"3055.269526513","74.13981119791667","74.13981119791667","74.13981119791667","2.5642903645833335","2.5642903645833335","2.5642903645833335"
"3065.267139719","74.13981119791667","74.13981119791667","74.13981119791667","2.5642903645833335","2.5642903645833335","2.5642903645833335"
"3075.279191049","74.13981119791667","74.13981119791667","74.13981119791667","2.5642903645833335","2.5642903645833335","2.5642903645833335"
"3085.270902954","74.13981119791667","74.13981119791667","74.13981119791667","2.5642903645833335","2.5642903645833335","2.5642903645833335"
"3095.270076773","74.13981119791667","74.13981119791667","74.13981119791667","2.5642903645833335","2.5642903645833335","2.5642903645833335"
"3105.274963408","74.13981119791667","74.13981119791667","74.13981119791667","2.5642903645833335","2.5642903645833335","2.5642903645833335"
"3115.270393832","74.13981119791667","74.13981119791667","74.13981119791667","2.5642903645833335","2.5642903645833335","2.5642903645833335"
"3125.26795194","74.13981119791667","74.13981119791667","74.13981119791667","2.5642903645833335","2.5642903645833335","2.5642903645833335"
"3135.268784579","74.13981119791667","74.13981119791667","74.13981119791667","2.5642903645833335","2.5642903645833335","2.5642903645833335"
"3145.266816525","74.13981119791667","74.13981119791667","74.13981119791667","2.5642903645833335","2.5642903645833335","2.5642903645833335"
"3155.27051942","74.13981119791667","74.13981119791667","74.13981119791667","2.5642903645833335","2.5642903645833335","2.5642903645833335"
"3165.268498837","74.13981119791667","74.13981119791667","74.13981119791667","2.5642903645833335","2.5642903645833335","2.5642903645833335"
"3175.267251274","74.13981119791667","74.13981119791667","74.13981119791667","2.5642903645833335","2.5642903645833335","2.5642903645833335"
"3185.265566903","74.13981119791667","74.13981119791667","74.13981119791667","2.5642903645833335","2.5642903645833335","2.5642903645833335"
"3195.275283592","74.13981119791667","74.13981119791667","74.13981119791667","2.5642903645833335","2.5642903645833335","2.5642903645833335"
"3205.266435502","74.13981119791667","74.13981119791667","74.13981119791667","2.5642903645833335","2.5642903645833335","2.5642903645833335"
"3215.268662772","74.13981119791667","74.13981119791667","74.13981119791667","2.5642903645833335","2.5642903645833335","2.5642903645833335"
"3225.268206969","74.13981119791667","74.13981119791667","74.13981119791667","2.5642903645833335","2.5642903645833335","2.5642903645833335"
"3235.273724345","74.13981119791667","74.13981119791667","74.13981119791667","2.5642903645833335","2.5642903645833335","2.5642903645833335"
"3245.268435264","74.13981119791667","74.13981119791667","74.13981119791667","2.5642903645833335","2.5642903645833335","2.5642903645833335"
"3255.271103186","74.13981119791667","74.13981119791667","74.13981119791667","2.5642903645833335","2.5642903645833335","2.5642903645833335"
"3265.267122801","74.13981119791667","74.13981119791667","74.13981119791667","2.5642903645833335","2.5642903645833335","2.5642903645833335"
"3275.265538709","74.13981119791667","74.13981119791667","74.13981119791667","2.5642903645833335","2.5642903645833335","2.5642903645833335"
"3285.266646826","74.13981119791667","74.13981119791667","74.13981119791667","2.5642903645833335","2.5642903645833335","2.5642903645833335"
"3295.267352692","74.13981119791667","74.13981119791667","74.13981119791667","2.5642903645833335","2.5642903645833335","2.5642903645833335"
"3305.264893953","74.13981119791667","74.13981119791667","74.13981119791667","2.5642903645833335","2.5642903645833335","2.5642903645833335"
"3315.268723197","74.13981119791667","74.13981119791667","74.13981119791667","2.5642903645833335","2.5642903645833335","2.5642903645833335"
"3325.266827672","74.13981119791667","74.13981119791667","74.13981119791667","2.5642903645833335","2.5642903645833335","2.5642903645833335"
"3335.276772017","74.13981119791667","74.13981119791667","74.13981119791667","2.5642903645833335","2.5642903645833335","2.5642903645833335"
"3345.268926769","74.13981119791667","74.13981119791667","74.13981119791667","2.5642903645833335","2.5642903645833335","2.5642903645833335"
"3355.268556798","74.13981119791667","74.13981119791667","74.13981119791667","2.5642903645833335","2.5642903645833335","2.5642903645833335"
"3365.26710819","74.13981119791667","74.13981119791667","74.13981119791667","2.5642903645833335","2.5642903645833335","2.5642903645833335"
"3375.267515237","74.13981119791667","74.13981119791667","74.13981119791667","2.5642903645833335","2.5642903645833335","2.5642903645833335"
"3385.267909624","74.13981119791667","74.13981119791667","74.13981119791667","2.5642903645833335","2.5642903645833335","2.5642903645833335"
"3395.265377318","74.13981119791667","74.13981119791667","74.13981119791667","2.5642903645833335","2.5642903645833335","2.5642903645833335"
"3405.274094482","74.13981119791667","74.13981119791667","74.13981119791667","2.5642903645833335","2.5642903645833335","2.5642903645833335"
"3415.272278842","74.13981119791667","74.13981119791667","74.13981119791667","2.5642903645833335","2.5642903645833335","2.5642903645833335"
"3425.26842753","74.13981119791667","74.13981119791667","74.13981119791667","2.5642903645833335","2.5642903645833335","2.5642903645833335"
"3435.270209751","74.13981119791667","74.13981119791667","74.13981119791667","2.5642903645833335","2.5642903645833335","2.5642903645833335"
"3445.270338098","74.13981119791667","74.13981119791667","74.13981119791667","2.5642903645833335","2.5642903645833335","2.5642903645833335"
"3455.2669032","74.13981119791667","74.13981119791667","74.13981119791667","2.5642903645833335","2.5642903645833335","2.5642903645833335"
"3465.273420404","74.13981119791667","74.13981119791667","74.13981119791667","2.5642903645833335","2.5642903645833335","2.5642903645833335"
"3475.269653671","74.13981119791667","74.13981119791667","74.13981119791667","2.5642903645833335","2.5642903645833335","2.5642903645833335"
"3485.269522908","74.13981119791667","74.13981119791667","74.13981119791667","2.5642903645833335","2.5642903645833335","2.5642903645833335"
"3495.26729341","74.13981119791667","74.13981119791667","74.13981119791667","2.5642903645833335","2.5642903645833335","2.5642903645833335"
"3505.267397557","74.13981119791667","74.13981119791667","74.13981119791667","2.5642903645833335","2.5642903645833335","2.5642903645833335"
"3515.267857542","74.13981119791667","74.13981119791667","74.13981119791667","2.5642903645833335","2.5642903645833335","2.5642903645833335"
"3525.27032725","74.13981119791667","74.13981119791667","74.13981119791667","2.5642903645833335","2.5642903645833335","2.5642903645833335"
"3535.268625025","74.13981119791667","74.13981119791667","74.13981119791667","2.5642903645833335","2.5642903645833335","2.5642903645833335"
"3545.265003903","74.13981119791667","74.13981119791667","74.13981119791667","2.5642903645833335","2.5642903645833335","2.5642903645833335"
"3555.26997253","74.13981119791667","74.13981119791667","74.13981119791667","2.5642903645833335","2.5642903645833335","2.5642903645833335"
"3565.273418996","74.13981119791667","74.13981119791667","74.13981119791667","2.5642903645833335","2.5642903645833335","2.5642903645833335"
"3575.268195737","74.13981119791667","74.13981119791667","74.13981119791667","2.5642903645833335","2.5642903645833335","2.5642903645833335"
"3585.26582559","74.13981119791667","74.13981119791667","74.13981119791667","2.5642903645833335","2.5642903645833335","2.5642903645833335"
"3595.268121905","74.13981119791667","74.13981119791667","74.13981119791667","2.5642903645833335","2.5642903645833335","2.5642903645833335"
"3605.267472908","74.13981119791667","74.13981119791667","74.13981119791667","2.5642903645833335","2.5642903645833335","2.5642903645833335"
"3615.273141294","74.13981119791667","74.13981119791667","74.13981119791667","2.5642903645833335","2.5642903645833335","2.5642903645833335"
"3625.266851376","74.13981119791667","74.13981119791667","74.13981119791667","2.5642903645833335","2.5642903645833335","2.5642903645833335"
"3635.26565782","74.13981119791667","74.13981119791667","74.13981119791667","2.5642903645833335","2.5642903645833335","2.5642903645833335"
"3645.267749578","74.13981119791667","74.13981119791667","74.13981119791667","2.5642903645833335","2.5642903645833335","2.5642903645833335"
"3655.272397374","74.13981119791667","74.13981119791667","74.13981119791667","2.5642903645833335","2.5642903645833335","2.5642903645833335"
"3665.269606543","74.13981119791667","74.13981119791667","74.13981119791667","2.5642903645833335","2.5642903645833335","2.5642903645833335"
"3675.270597783","74.13981119791667","74.13981119791667","74.13981119791667","2.5642903645833335","2.5642903645833335","2.5642903645833335"
"3685.267994311","74.13981119791667","74.13981119791667","74.13981119791667","2.5642903645833335","2.5642903645833335","2.5642903645833335"
"3695.268590445","74.13981119791667","74.13981119791667","74.13981119791667","2.5642903645833335","2.5642903645833335","2.5642903645833335"
"3705.266582141","74.13981119791667","74.13981119791667","74.13981119791667","2.5642903645833335","2.5642903645833335","2.5642903645833335"
"3715.268723163","74.13981119791667","74.13981119791667","74.13981119791667","2.5642903645833335","2.5642903645833335","2.5642903645833335"
"3725.269654647","74.13981119791667","74.13981119791667","74.13981119791667","2.5642903645833335","2.5642903645833335","2.5642903645833335"
"3735.269984925","74.13981119791667","74.13981119791667","74.13981119791667","2.5642903645833335","2.5642903645833335","2.5642903645833335"
"3745.265890704","74.13981119791667","74.13981119791667","74.13981119791667","2.5642903645833335","2.5642903645833335","2.5642903645833335"
"3755.267749161","74.13981119791667","74.13981119791667","74.13981119791667","2.5642903645833335","2.5642903645833335","2.5642903645833335"
"3765.266643494","74.13981119791667","74.13981119791667","74.13981119791667","2.5642903645833335","2.5642903645833335","2.5642903645833335"
"3775.265299793","74.13981119791667","74.13981119791667","74.13981119791667","2.5642903645833335","2.5642903645833335","2.5642903645833335"
"3785.268005147","74.13981119791667","74.13981119791667","74.13981119791667","2.5642903645833335","2.5642903645833335","2.5642903645833335"
"3795.267068091","74.13981119791667","74.13981119791667","74.13981119791667","2.5642903645833335","2.5642903645833335","2.5642903645833335"
"3805.267598656","74.13981119791667","74.13981119791667","74.13981119791667","2.5642903645833335","2.5642903645833335","2.5642903645833335"
"3815.267139402","74.13981119791667","74.13981119791667","74.13981119791667","2.5642903645833335","2.5642903645833335","2.5642903645833335"
"3825.267305784","74.13981119791667","74.13981119791667","74.13981119791667","2.5642903645833335","2.5642903645833335","2.5642903645833335"
"3835.265849396","74.13981119791667","74.13981119791667","74.13981119791667","2.5642903645833335","2.5642903645833335","2.5642903645833335"
"3845.271409916","74.13981119791667","74.13981119791667","74.13981119791667","2.5642903645833335","2.5642903645833335","2.5642903645833335"
"3855.267823007","74.13981119791667","74.13981119791667","74.13981119791667","2.5642903645833335","2.5642903645833335","2.5642903645833335"
"3865.270247847","74.13981119791667","74.13981119791667","74.13981119791667","2.5642903645833335","2.5642903645833335","2.5642903645833335"
"3875.266918617","74.13981119791667","74.13981119791667","74.13981119791667","2.5642903645833335","2.5642903645833335","2.5642903645833335"
"3885.272401969","74.13981119791667","74.13981119791667","74.13981119791667","2.5642903645833335","2.5642903645833335","2.5642903645833335"
"3895.27121305","74.13981119791667","74.13981119791667","74.13981119791667","2.5642903645833335","2.5642903645833335","2.5642903645833335"
"3905.267759192","74.13981119791667","74.13981119791667","74.13981119791667","2.5642903645833335","2.5642903645833335","2.5642903645833335"
"3915.272368051","74.13981119791667","74.13981119791667","74.13981119791667","2.5642903645833335","2.5642903645833335","2.5642903645833335"
"3925.266281319","74.13981119791667","74.13981119791667","74.13981119791667","2.5642903645833335","2.5642903645833335","2.5642903645833335"
"3935.268206974","74.13981119791667","74.13981119791667","74.13981119791667","2.5642903645833335","2.5642903645833335","2.5642903645833335"
"3945.267196585","74.13981119791667","74.13981119791667","74.13981119791667","2.5642903645833335","2.5642903645833335","2.5642903645833335"
"3955.265771097","74.13981119791667","74.13981119791667","74.13981119791667","2.5642903645833335","2.5642903645833335","2.5642903645833335"
"3965.268397943","74.13981119791667","74.13981119791667","74.13981119791667","2.5642903645833335","2.5642903645833335","2.5642903645833335"
"3975.267625979","74.13981119791667","74.13981119791667","74.13981119791667","2.5642903645833335","2.5642903645833335","2.5642903645833335"
"3985.271219111","74.13981119791667","74.13981119791667","74.13981119791667","2.5642903645833335","2.5642903645833335","2.5642903645833335"
"3995.266610805","74.13981119791667","74.13981119791667","74.13981119791667","2.5642903645833335","2.5642903645833335","2.5642903645833335"
"4005.273735553","74.13981119791667","74.13981119791667","74.13981119791667","2.5642903645833335","2.5642903645833335","2.5642903645833335"
"4015.266686821","74.13981119791667","74.13981119791667","74.13981119791667","2.5642903645833335","2.5642903645833335","2.5642903645833335"
"4025.267165875","74.13981119791667","74.13981119791667","74.13981119791667","2.5642903645833335","2.5642903645833335","2.5642903645833335"
"4035.276413417","74.13981119791667","74.13981119791667","74.13981119791667","2.5642903645833335","2.5642903645833335","2.5642903645833335"
"4045.267300774","74.13981119791667","74.13981119791667","74.13981119791667","2.5642903645833335","2.5642903645833335","2.5642903645833335"
"4055.264957835","74.13981119791667","74.13981119791667","74.13981119791667","2.5642903645833335","2.5642903645833335","2.5642903645833335"
"4065.267786781","74.13981119791667","74.13981119791667","74.13981119791667","2.5642903645833335","2.5642903645833335","2.5642903645833335"
"4075.275773729","74.13981119791667","74.13981119791667","74.13981119791667","2.5642903645833335","2.5642903645833335","2.5642903645833335"
"4085.267142924","74.13981119791667","74.13981119791667","74.13981119791667","2.5642903645833335","2.5642903645833335","2.5642903645833335"
"4095.266520784","74.13981119791667","74.13981119791667","74.13981119791667","2.5642903645833335","2.5642903645833335","2.5642903645833335"
"4105.275108667","74.13981119791667","74.13981119791667","74.13981119791667","2.5642903645833335","2.5642903645833335","2.5642903645833335"
"4115.276663836","74.13981119791667","74.13981119791667","74.13981119791667","2.5642903645833335","2.5642903645833335","2.5642903645833335"
"4125.265455144","74.13981119791667","74.13981119791667","74.13981119791667","2.5642903645833335","2.5642903645833335","2.5642903645833335"
"4135.26946361","74.13981119791667","74.13981119791667","74.13981119791667","2.5642903645833335","2.5642903645833335","2.5642903645833335"
"4145.276639446","74.13981119791667","74.13981119791667","74.13981119791667","2.5642903645833335","2.5642903645833335","2.5642903645833335"
"4155.267319856","74.13981119791667","74.13981119791667","74.13981119791667","2.5642903645833335","2.5642903645833335","2.5642903645833335"
"4165.274283927","74.13981119791667","74.13981119791667","74.13981119791667","2.5642903645833335","2.5642903645833335","2.5642903645833335"
"4175.26712252","74.13981119791667","74.13981119791667","74.13981119791667","2.5642903645833335","2.5642903645833335","2.5642903645833335"
"4185.266233895","74.66064453125","74.66064453125","74.66064453125","2.5642903645833335","2.5642903645833335","2.5642903645833335"
"4195.26635952","74.66064453125","74.66064453125","74.66064453125","2.5642903645833335","2.5642903645833335","2.5642903645833335"
"4205.269411148","74.66064453125","74.66064453125","74.66064453125","2.5642903645833335","2.5642903645833335","2.5642903645833335"
"4215.26673456","74.66064453125","74.66064453125","74.66064453125","2.5642903645833335","2.5642903645833335","2.5642903645833335"
"4225.26550228","74.66064453125","74.66064453125","74.66064453125","2.5642903645833335","2.5642903645833335","2.5642903645833335"
"4235.267328264","74.66064453125","74.66064453125","74.66064453125","2.5642903645833335","2.5642903645833335","2.5642903645833335"
"4245.266318214","74.66064453125","74.66064453125","74.66064453125","2.5642903645833335","2.5642903645833335","2.5642903645833335"
"4255.266614958","74.66064453125","74.66064453125","74.66064453125","2.5642903645833335","2.5642903645833335","2.5642903645833335"
"4265.265517181","74.66064453125","74.66064453125","74.66064453125","2.5642903645833335","2.5642903645833335","2.5642903645833335"
"4275.272976763","74.66064453125","74.66064453125","74.66064453125","2.5642903645833335","2.5642903645833335","2.5642903645833335"
"4285.273362119","74.66064453125","74.66064453125","74.66064453125","2.5642903645833335","2.5642903645833335","2.5642903645833335"
"4295.265061183","74.66064453125","74.66064453125","74.66064453125","2.5642903645833335","2.5642903645833335","2.5642903645833335"
"4305.267671354","74.66064453125","74.66064453125","74.66064453125","2.5642903645833335","2.5642903645833335","2.5642903645833335"
"4315.265926034","74.66064453125","74.66064453125","74.66064453125","2.5642903645833335","2.5642903645833335","2.5642903645833335"
"4325.267251009","74.66064453125","74.66064453125","74.66064453125","2.5642903645833335","2.5642903645833335","2.5642903645833335"
"4335.269224025","74.66064453125","74.66064453125","74.66064453125","2.5642903645833335","2.5642903645833335","2.5642903645833335"
"4345.26694564","74.66064453125","74.66064453125","74.66064453125","2.5642903645833335","2.5642903645833335","2.5642903645833335"
"4355.270572955","74.66064453125","74.66064453125","74.66064453125","2.5642903645833335","2.5642903645833335","2.5642903645833335"
"4365.266378654","74.66064453125","74.66064453125","74.66064453125","2.5642903645833335","2.5642903645833335","2.5642903645833335"
"4375.265651501","74.66064453125","74.66064453125","74.66064453125","2.5642903645833335","2.5642903645833335","2.5642903645833335"
"4385.268049793","74.66064453125","74.66064453125","74.66064453125","2.5642903645833335","2.5642903645833335","2.5642903645833335"
"4395.268211414","74.66064453125","74.66064453125","74.66064453125","2.5642903645833335","2.5642903645833335","2.5642903645833335"
"4405.267714614","74.66064453125","74.66064453125","74.66064453125","2.5642903645833335","2.5642903645833335","2.5642903645833335"
"4415.271363374","74.66064453125","74.66064453125","74.66064453125","2.5642903645833335","2.5642903645833335","2.5642903645833335"
"4425.268786165","74.66064453125","74.66064453125","74.66064453125","2.5642903645833335","2.5642903645833335","2.5642903645833335"
"4435.267331869","74.66064453125","74.66064453125","74.66064453125","2.5642903645833335","2.5642903645833335","2.5642903645833335"
"4445.26683265","74.66064453125","74.66064453125","74.66064453125","2.5642903645833335","2.5642903645833335","2.5642903645833335"
"4455.26782635","74.66064453125","74.66064453125","74.66064453125","2.5642903645833335","2.5642903645833335","2.5642903645833335"
"4465.267118286","74.66064453125","74.66064453125","74.66064453125","2.5642903645833335","2.5642903645833335","2.5642903645833335"
"4475.268633217","74.66064453125","74.66064453125","74.66064453125","2.5642903645833335","2.5642903645833335","2.5642903645833335"
"4485.26775339","74.66064453125","74.66064453125","74.66064453125","2.5642903645833335","2.5642903645833335","2.5642903645833335"
"4495.266762529","74.66064453125","74.66064453125","74.66064453125","2.5642903645833335","2.5642903645833335","2.5642903645833335"
"4505.274477632","74.66064453125","74.66064453125","74.66064453125","2.5642903645833335","2.5642903645833335","2.5642903645833335"
"4515.274520474","74.66064453125","74.66064453125","74.66064453125","2.5642903645833335","2.5642903645833335","2.5642903645833335"
"4525.266903626","74.66064453125","74.66064453125","74.66064453125","2.5642903645833335","2.5642903645833335","2.5642903645833335"
"4535.265560312","74.66064453125","74.66064453125","74.66064453125","2.5642903645833335","2.5642903645833335","2.5642903645833335"
"4545.273385161","74.66064453125","74.66064453125","74.66064453125","2.5642903645833335","2.5642903645833335","2.5642903645833335"
"4555.26721518","74.66064453125","74.66064453125","74.66064453125","2.5642903645833335","2.5642903645833335","2.5642903645833335"
"4565.265499896","74.66064453125","74.66064453125","74.66064453125","2.5642903645833335","2.5642903645833335","2.5642903645833335"
"4575.269778184","74.66064453125","74.66064453125","74.66064453125","2.5642903645833335","2.5642903645833335","2.5642903645833335"
"4585.266883774","74.66064453125","74.66064453125","74.66064453125","2.5642903645833335","2.5642903645833335","2.5642903645833335"
"4595.265222364","74.66064453125","74.66064453125","74.66064453125","2.5642903645833335","2.5642903645833335","2.5642903645833335"
"4605.269847287","74.66064453125","74.66064453125","74.66064453125","2.5642903645833335","2.5642903645833335","2.5642903645833335"
"4615.267013194","74.66064453125","74.66064453125","74.66064453125","2.5642903645833335","2.5642903645833335","2.5642903645833335"
"4625.267484232","74.66064453125","74.66064453125","74.66064453125","2.5642903645833335","2.5642903645833335","2.5642903645833335"
"4635.267860473","74.66064453125","74.66064453125","74.66064453125","2.5642903645833335","2.5642903645833335","2.5642903645833335"
"4645.267600478","74.66064453125","74.66064453125","74.66064453125","2.5642903645833335","2.5642903645833335","2.5642903645833335"
"4655.271608586","74.66064453125","74.66064453125","74.66064453125","2.5642903645833335","2.5642903645833335","2.5642903645833335"
"4665.268299989","74.66064453125","74.66064453125","74.66064453125","2.5642903645833335","2.5642903645833335","2.5642903645833335"
"4675.26751027","74.66064453125","74.66064453125","74.66064453125","2.5642903645833335","2.5642903645833335","2.5642903645833335"
"4685.266286575","74.66064453125","74.66064453125","74.66064453125","2.5642903645833335","2.5642903645833335","2.5642903645833335"
"4695.269020222","74.66064453125","74.66064453125","74.66064453125","2.5642903645833335","2.5642903645833335","2.5642903645833335"
"4705.26771586","74.66064453125","74.66064453125","74.66064453125","2.5642903645833335","2.5642903645833335","2.5642903645833335"
"4715.266606133","74.66064453125","74.66064453125","74.66064453125","2.5642903645833335","2.5642903645833335","2.5642903645833335"
"4725.265748255","74.66064453125","74.66064453125","74.66064453125","2.5642903645833335","2.5642903645833335","2.5642903645833335"
"4735.270064113","74.66064453125","74.66064453125","74.66064453125","2.5642903645833335","2.5642903645833335","2.5642903645833335"
"4745.267499407","74.66064453125","74.66064453125","74.66064453125","2.5642903645833335","2.5642903645833335","2.5642903645833335"
"4755.266979495","74.66064453125","74.66064453125","74.66064453125","2.5642903645833335","2.5642903645833335","2.5642903645833335"
"4765.267470766","74.66064453125","74.66064453125","74.66064453125","2.5642903645833335","2.5642903645833335","2.5642903645833335"
"4775.266436876","74.66064453125","74.66064453125","74.66064453125","2.5642903645833335","2.5642903645833335","2.5642903645833335"
"4785.267799305","74.66064453125","74.66064453125","74.66064453125","2.5642903645833335","2.5642903645833335","2.5642903645833335"
"4795.265684789","74.66064453125","74.66064453125","74.66064453125","2.5642903645833335","2.5642903645833335","2.5642903645833335"
"4805.265177495","74.66064453125","74.66064453125","74.66064453125","2.5642903645833335","2.5642903645833335","2.5642903645833335"
"4815.266807389","74.66064453125","74.66064453125","74.66064453125","2.5642903645833335","2.5642903645833335","2.5642903645833335"
"4825.270000143","74.66064453125","74.66064453125","74.66064453125","2.5642903645833335","2.5642903645833335","2.5642903645833335"
"4835.265750418","74.66064453125","74.66064453125","74.66064453125","2.5642903645833335","2.5642903645833335","2.5642903645833335"
"4845.274690517","74.66064453125","74.66064453125","74.66064453125","2.5642903645833335","2.5642903645833335","2.5642903645833335"
"4855.269076041","74.66064453125","74.66064453125","74.66064453125","2.5642903645833335","2.5642903645833335","2.5642903645833335"
"4865.276600762","74.66064453125","74.66064453125","74.66064453125","2.5642903645833335","2.5642903645833335","2.5642903645833335"
"4875.266924693","74.66064453125","74.66064453125","74.66064453125","2.5642903645833335","2.5642903645833335","2.5642903645833335"
"4885.268453481","74.66064453125","74.66064453125","74.66064453125","2.5642903645833335","2.5642903645833335","2.5642903645833335"
"4895.268693889","74.66064453125","74.66064453125","74.66064453125","2.5642903645833335","2.5642903645833335","2.5642903645833335"
"4905.275992369","74.66064453125","74.66064453125","74.66064453125","2.5642903645833335","2.5642903645833335","2.5642903645833335"
"4915.268371933","74.66064453125","74.66064453125","74.66064453125","2.5642903645833335","2.5642903645833335","2.5642903645833335"
"4925.267113892","74.66064453125","74.66064453125","74.66064453125","2.5642903645833335","2.5642903645833335","2.5642903645833335"
"4935.27919284","74.66064453125","74.66064453125","74.66064453125","2.5642903645833335","2.5642903645833335","2.5642903645833335"
"4945.266736385","74.66064453125","74.66064453125","74.66064453125","2.5642903645833335","2.5642903645833335","2.5642903645833335"
"4955.264933407","74.66064453125","74.66064453125","74.66064453125","2.5642903645833335","2.5642903645833335","2.5642903645833335"
"4965.267596265","74.66064453125","74.66064453125","74.66064453125","2.5642903645833335","2.5642903645833335","2.5642903645833335"
"4975.267483481","74.66064453125","74.66064453125","74.66064453125","2.5642903645833335","2.5642903645833335","2.5642903645833335"
"4985.266788367","74.66064453125","74.66064453125","74.66064453125","2.5642903645833335","2.5642903645833335","2.5642903645833335"
"4995.267532653","74.66064453125","74.66064453125","74.66064453125","2.5642903645833335","2.5642903645833335","2.5642903645833335"
"5005.265115437","74.66064453125","74.66064453125","74.66064453125","2.5642903645833335","2.5642903645833335","2.5642903645833335"
"5015.27153468","74.66064453125","74.66064453125","74.66064453125","2.5642903645833335","2.5642903645833335","2.5642903645833335"
"5025.272049529","74.66064453125","74.66064453125","74.66064453125","2.5642903645833335","2.5642903645833335","2.5642903645833335"
"5035.268537376","74.66064453125","74.66064453125","74.66064453125","2.5642903645833335","2.5642903645833335","2.5642903645833335"
"5045.26741715","74.66064453125","74.66064453125","74.66064453125","2.5642903645833335","2.5642903645833335","2.5642903645833335"
"5055.267841617","74.66064453125","74.66064453125","74.66064453125","2.5642903645833335","2.5642903645833335","2.5642903645833335"
"5065.26559602","74.66064453125","74.66064453125","74.66064453125","2.5642903645833335","2.5642903645833335","2.5642903645833335"
"5075.267271604","74.66064453125","74.66064453125","74.66064453125","2.5642903645833335","2.5642903645833335","2.5642903645833335"
"5085.269293544","74.66064453125","74.66064453125","74.66064453125","2.5642903645833335","2.5642903645833335","2.5642903645833335"
"5095.267006693","74.66064453125","74.66064453125","74.66064453125","2.5642903645833335","2.5642903645833335","2.5642903645833335"
"5105.267314922","74.66064453125","74.66064453125","74.66064453125","2.5642903645833335","2.5642903645833335","2.5642903645833335"
"5115.266291201","74.66064453125","74.66064453125","74.66064453125","2.5642903645833335","2.5642903645833335","2.5642903645833335"
"5125.265724615","74.66064453125","74.66064453125","74.66064453125","2.5642903645833335","2.5642903645833335","2.5642903645833335"
"5135.266187905","74.66064453125","74.66064453125","74.66064453125","2.5642903645833335","2.5642903645833335","2.5642903645833335"
"5145.267763353","74.66064453125","74.66064453125","74.66064453125","2.5642903645833335","2.5642903645833335","2.5642903645833335"
"5155.273462842","74.66064453125","74.66064453125","74.66064453125","2.5642903645833335","2.5642903645833335","2.5642903645833335"
"5165.276403101","74.66064453125","74.66064453125","74.66064453125","2.5642903645833335","2.5642903645833335","2.5642903645833335"
"5175.271563312","74.66064453125","74.66064453125","74.66064453125","2.5642903645833335","2.5642903645833335","2.5642903645833335"
"5185.267206336","74.66064453125","74.66064453125","74.66064453125","2.5642903645833335","2.5642903645833335","2.5642903645833335"
"5195.265589683","74.66064453125","74.66064453125","74.66064453125","2.5642903645833335","2.5642903645833335","2.5642903645833335"
"5205.267792648","74.66064453125","74.66064453125","74.66064453125","2.5642903645833335","2.5642903645833335","2.5642903645833335"
"5215.270969732","74.66064453125","74.66064453125","74.66064453125","2.5642903645833335","2.5642903645833335","2.5642903645833335"
"5225.268759099","74.66064453125","74.66064453125","74.66064453125","2.5642903645833335","2.5642903645833335","2.5642903645833335"
"5235.265610403","74.66064453125","74.66064453125","74.66064453125","2.5642903645833335","2.5642903645833335","2.5642903645833335"
"5245.271084424","74.66064453125","74.66064453125","74.66064453125","2.5642903645833335","2.5642903645833335","2.5642903645833335"
"5255.269715935","74.66064453125","74.66064453125","74.66064453125","2.5642903645833335","2.5642903645833335","2.5642903645833335"
"5265.27437571","74.66064453125","74.66064453125","74.66064453125","2.5642903645833335","2.5642903645833335","2.5642903645833335"
"5275.268382728","74.66064453125","74.66064453125","74.66064453125","2.5642903645833335","2.5642903645833335","2.5642903645833335"
"5285.267564397","74.66064453125","74.66064453125","74.66064453125","2.5642903645833335","2.5642903645833335","2.5642903645833335"
"5295.276783446","74.66064453125","74.66064453125","74.66064453125","2.5642903645833335","2.5642903645833335","2.5642903645833335"
"5305.269612032","74.66064453125","74.66064453125","74.66064453125","2.5642903645833335","2.5642903645833335","2.5642903645833335"
"5315.274516796","74.66064453125","74.66064453125","74.66064453125","2.5642903645833335","2.5642903645833335","2.5642903645833335"
"5325.284928808","74.66064453125","74.66064453125","74.66064453125","2.5642903645833335","2.5642903645833335","2.5642903645833335"
"5335.265507851","74.66064453125","74.66064453125","74.66064453125","2.5642903645833335","2.5642903645833335","2.5642903645833335"
"5345.267073313","74.66064453125","74.66064453125","74.66064453125","2.5642903645833335","2.5642903645833335","2.5642903645833335"
"5355.266314418","74.66064453125","74.66064453125","74.66064453125","2.5642903645833335","2.5642903645833335","2.5642903645833335"
"5365.267197447","74.66064453125","74.66064453125","74.66064453125","2.5642903645833335","2.5642903645833335","2.5642903645833335"
"5375.266294043","74.66064453125","74.66064453125","74.66064453125","2.5642903645833335","2.5642903645833335","2.5642903645833335"
"5385.266353087","74.66064453125","74.66064453125","74.66064453125","2.5642903645833335","2.5642903645833335","2.5642903645833335"
"5395.267773171","74.66064453125","74.66064453125","74.66064453125","2.5642903645833335","2.5642903645833335","2.5642903645833335"
"5405.265548585","74.66064453125","74.66064453125","74.66064453125","2.5642903645833335","2.5642903645833335","2.5642903645833335"
"5415.268658984","74.66064453125","74.66064453125","74.66064453125","2.5642903645833335","2.5642903645833335","2.5642903645833335"
"5425.26856957","74.66064453125","74.66064453125","74.66064453125","2.5642903645833335","2.5642903645833335","2.5642903645833335"
"5435.265833728","74.66064453125","74.66064453125","74.66064453125","2.5642903645833335","2.5642903645833335","2.5642903645833335"
"5445.266763277","74.66064453125","74.66064453125","74.66064453125","2.5642903645833335","2.5642903645833335","2.5642903645833335"
"5455.267821483","74.66064453125","74.66064453125","74.66064453125","2.5642903645833335","2.5642903645833335","2.5642903645833335"
"5465.265281319","74.66064453125","74.66064453125","74.66064453125","2.5642903645833335","2.5642903645833335","2.5642903645833335"
"5475.269933096","74.66064453125","74.66064453125","74.66064453125","2.5642903645833335","2.5642903645833335","2.5642903645833335"
"5485.275016494","74.66064453125","74.66064453125","74.66064453125","2.5642903645833335","2.5642903645833335","2.5642903645833335"
"5495.275487052","74.66064453125","74.66064453125","74.66064453125","2.5642903645833335","2.5642903645833335","2.5642903645833335"
"5505.275937652","74.66064453125","74.66064453125","74.66064453125","2.5642903645833335","2.5642903645833335","2.5642903645833335"
"5515.27613732","74.66064453125","74.66064453125","74.66064453125","2.5642903645833335","2.5642903645833335","2.5642903645833335"
"5525.268709063","74.66064453125","74.66064453125","74.66064453125","2.5642903645833335","2.5642903645833335","2.5642903645833335"
"5535.265588392","74.66064453125","74.66064453125","74.66064453125","2.5642903645833335","2.5642903645833335","2.5642903645833335"
"5545.266375728","74.66064453125","74.66064453125","74.66064453125","2.5642903645833335","2.5642903645833335","2.5642903645833335"
"5555.274225934","74.66064453125","74.66064453125","74.66064453125","2.5642903645833335","2.5642903645833335","2.5642903645833335"
"5565.266261212","74.66064453125","74.66064453125","74.66064453125","2.5642903645833335","2.5642903645833335","2.5642903645833335"
"5575.268900167","74.66064453125","74.66064453125","74.66064453125","2.5642903645833335","2.5642903645833335","2.5642903645833335"
"5585.264945965","74.66064453125","74.66064453125","74.66064453125","2.5642903645833335","2.5642903645833335","2.5642903645833335"
"5595.265300676","74.66064453125","74.66064453125","74.66064453125","2.5642903645833335","2.5642903645833335","2.5642903645833335"
"5605.267850455","74.66064453125","74.66064453125","74.66064453125","2.5642903645833335","2.5642903645833335","2.5642903645833335"
"5615.267553434","74.66064453125","74.66064453125","74.66064453125","2.5642903645833335","2.5642903645833335","2.5642903645833335"
"5625.270299357","74.66064453125","74.66064453125","74.66064453125","2.5642903645833335","2.5642903645833335","2.5642903645833335"
"5635.267216317","74.66064453125","74.66064453125","74.66064453125","2.5642903645833335","2.5642903645833335","2.5642903645833335"
"5645.267517139","74.66064453125","74.66064453125","74.66064453125","2.5642903645833335","2.5642903645833335","2.5642903645833335"
"5655.268127221","74.66064453125","74.66064453125","74.66064453125","2.5642903645833335","2.5642903645833335","2.5642903645833335"
"5665.274790712","74.66064453125","74.66064453125","74.66064453125","2.5642903645833335","2.5642903645833335","2.5642903645833335"
"5675.26996395","74.66064453125","74.66064453125","74.66064453125","2.5642903645833335","2.5642903645833335","2.5642903645833335"
"5685.26583713","74.66064453125","74.66064453125","74.66064453125","2.5642903645833335","2.5642903645833335","2.5642903645833335"
"5695.268494597","74.66064453125","74.66064453125","74.66064453125","2.5642903645833335","2.5642903645833335","2.5642903645833335"
"5705.26754324","74.66064453125","74.66064453125","74.66064453125","2.5642903645833335","2.5642903645833335","2.5642903645833335"
"5715.266630139","74.66064453125","74.66064453125","74.66064453125","2.5642903645833335","2.5642903645833335","2.5642903645833335"
"5725.266980088","74.66064453125","74.66064453125","74.66064453125","2.5642903645833335","2.5642903645833335","2.5642903645833335"
"5735.267281439","74.66064453125","74.66064453125","74.66064453125","2.5642903645833335","2.5642903645833335","2.5642903645833335"
"5745.266848198","74.66064453125","74.66064453125","74.66064453125","2.5642903645833335","2.5642903645833335","2.5642903645833335"
"5755.269077492","74.66064453125","74.66064453125","74.66064453125","2.5642903645833335","2.5642903645833335","2.5642903645833335"
"5765.266697905","74.66064453125","74.66064453125","74.66064453125","2.5642903645833335","2.5642903645833335","2.5642903645833335"
"5775.267668704","74.66064453125","74.66064453125","74.66064453125","2.5642903645833335","2.5642903645833335","2.5642903645833335"
"5785.268586364","74.66064453125","74.66064453125","74.66064453125","2.5642903645833335","2.5642903645833335","2.5642903645833335"
"5795.274239431","74.66064453125","74.66064453125","74.66064453125","2.5642903645833335","2.5642903645833335","2.5642903645833335"
"5805.272994608","74.66064453125","74.66064453125","74.66064453125","2.5642903645833335","2.5642903645833335","2.5642903645833335"
"5815.268130037","74.66064453125","74.66064453125","74.66064453125","2.5642903645833335","2.5642903645833335","2.5642903645833335"
"5825.267222938","74.66064453125","74.66064453125","74.66064453125","2.5642903645833335","2.5642903645833335","2.5642903645833335"
"5835.266150224","74.66064453125","74.66064453125","74.66064453125","2.5642903645833335","2.5642903645833335","2.5642903645833335"
"5845.266233999","74.66064453125","74.66064453125","74.66064453125","2.5642903645833335","2.5642903645833335","2.5642903645833335"
"5855.26735575","74.66064453125","74.66064453125","74.66064453125","2.5642903645833335","2.5642903645833335","2.5642903645833335"
"5865.265848487","74.66064453125","74.66064453125","74.66064453125","2.5642903645833335","2.5642903645833335","2.5642903645833335"
"5875.268683511","74.66064453125","74.66064453125","74.66064453125","2.5642903645833335","2.5642903645833335","2.5642903645833335"
"5885.266616603","74.66064453125","74.66064453125","74.66064453125","2.5642903645833335","2.5642903645833335","2.5642903645833335"
"5895.26607862","74.66064453125","74.66064453125","74.66064453125","2.5642903645833335","2.5642903645833335","2.5642903645833335"
"5905.266242639","74.66064453125","74.66064453125","74.66064453125","2.5642903645833335","2.5642903645833335","2.5642903645833335"
"5915.267273191","74.66064453125","74.66064453125","74.66064453125","2.5642903645833335","2.5642903645833335","2.5642903645833335"
"5925.268047209","74.66064453125","74.66064453125","74.66064453125","2.5642903645833335","2.5642903645833335","2.5642903645833335"
"5935.273666155","74.66064453125","74.66064453125","74.66064453125","2.5642903645833335","2.5642903645833335","2.5642903645833335"
"5945.274342229","74.66064453125","74.66064453125","74.66064453125","2.5642903645833335","2.5642903645833335","2.5642903645833335"
"5955.268847884","74.66064453125","74.66064453125","74.66064453125","2.5642903645833335","2.5642903645833335","2.5642903645833335"
"5965.271374737","74.67366536458333","74.67366536458333","74.67366536458333","2.5642903645833335","2.5642903645833335","2.5642903645833335"
"5975.271199327","74.67366536458333","74.67366536458333","74.67366536458333","2.5642903645833335","2.5642903645833335","2.5642903645833335"
"5985.267929389","74.67366536458333","74.67366536458333","74.67366536458333","2.5642903645833335","2.5642903645833335","2.5642903645833335"
"5995.265582978","74.67366536458333","74.67366536458333","74.67366536458333","2.5642903645833335","2.5642903645833335","2.5642903645833335"
"6005.265023539","74.67366536458333","74.67366536458333","74.67366536458333","2.5642903645833335","2.5642903645833335","2.5642903645833335"
"6015.271016868","74.67366536458333","74.67366536458333","74.67366536458333","2.5642903645833335","2.5642903645833335","2.5642903645833335"
"6025.275186198","74.67366536458333","74.67366536458333","74.67366536458333","2.5642903645833335","2.5642903645833335","2.5642903645833335"
"6035.267221564","74.67366536458333","74.67366536458333","74.67366536458333","2.5642903645833335","2.5642903645833335","2.5642903645833335"
"6045.276702736","74.67366536458333","74.67366536458333","74.67366536458333","2.5642903645833335","2.5642903645833335","2.5642903645833335"
"6055.275606555","74.67366536458333","74.67366536458333","74.67366536458333","2.5642903645833335","2.5642903645833335","2.5642903645833335"
"6065.265721934","74.67366536458333","74.67366536458333","74.67366536458333","2.5642903645833335","2.5642903645833335","2.5642903645833335"
"6075.267693803","74.67366536458333","74.67366536458333","74.67366536458333","2.5642903645833335","2.5642903645833335","2.5642903645833335"
"6085.271742501","74.67366536458333","74.67366536458333","74.67366536458333","2.5642903645833335","2.5642903645833335","2.5642903645833335"
"6095.275981395","74.67366536458333","74.67366536458333","74.67366536458333","2.5642903645833335","2.5642903645833335","2.5642903645833335"
"6105.274769634","74.67366536458333","74.67366536458333","74.67366536458333","2.5642903645833335","2.5642903645833335","2.5642903645833335"
"6115.267056885","74.67366536458333","74.67366536458333","74.67366536458333","2.5642903645833335","2.5642903645833335","2.5642903645833335"
"6125.268451437","74.67366536458333","74.67366536458333","74.67366536458333","2.5642903645833335","2.5642903645833335","2.5642903645833335"
"6135.268369822","74.67366536458333","74.67366536458333","74.67366536458333","2.5642903645833335","2.5642903645833335","2.5642903645833335"
"6145.267553346","74.67366536458333","74.67366536458333","74.67366536458333","2.5642903645833335","2.5642903645833335","2.5642903645833335"
"6155.269519362","74.67366536458333","74.67366536458333","74.67366536458333","2.5642903645833335","2.5642903645833335","2.5642903645833335"
"6165.277378796","74.67366536458333","74.67366536458333","74.67366536458333","2.5642903645833335","2.5642903645833335","2.5642903645833335"
"6175.26903679","74.67366536458333","74.67366536458333","74.67366536458333","2.5642903645833335","2.5642903645833335","2.5642903645833335"
"6185.265467123","74.67366536458333","74.67366536458333","74.67366536458333","2.5642903645833335","2.5642903645833335","2.5642903645833335"
"6195.274305167","74.67366536458333","74.67366536458333","74.67366536458333","2.5642903645833335","2.5642903645833335","2.5642903645833335"
"6205.268079926","74.67366536458333","74.67366536458333","74.67366536458333","2.5642903645833335","2.5642903645833335","2.5642903645833335"
"6215.268737001","74.67366536458333","74.67366536458333","74.67366536458333","2.5642903645833335","2.5642903645833335","2.5642903645833335"
"6225.2660367","74.67366536458333","74.67366536458333","74.67366536458333","2.5642903645833335","2.5642903645833335","2.5642903645833335"
"6235.268565539","74.67366536458333","74.67366536458333","74.67366536458333","2.5642903645833335","2.5642903645833335","2.5642903645833335"
"6245.26642663","74.67366536458333","74.67366536458333","74.67366536458333","2.5642903645833335","2.5642903645833335","2.5642903645833335"
"6255.267623485","74.67366536458333","74.67366536458333","74.67366536458333","2.5642903645833335","2.5642903645833335","2.5642903645833335"
"6265.267818046","74.67366536458333","74.67366536458333","74.67366536458333","2.5642903645833335","2.5642903645833335","2.5642903645833335"
"6275.26917742","74.67366536458333","74.67366536458333","74.67366536458333","2.5642903645833335","2.5642903645833335","2.5642903645833335"
"6285.267225709","74.67366536458333","74.67366536458333","74.67366536458333","2.5642903645833335","2.5642903645833335","2.5642903645833335"
"6295.272194858","74.67366536458333","74.67366536458333","74.67366536458333","2.5642903645833335","2.5642903645833335","2.5642903645833335"
"6305.268300583","74.67366536458333","74.67366536458333","74.67366536458333","2.5642903645833335","2.5642903645833335","2.5642903645833335"
"6315.268093415","74.67366536458333","74.67366536458333","74.67366536458333","2.5642903645833335","2.5642903645833335","2.5642903645833335"
"6325.270108898","74.67366536458333","74.67366536458333","74.67366536458333","2.5642903645833335","2.5642903645833335","2.5642903645833335"
"6335.265033828","74.67366536458333","74.67366536458333","74.67366536458333","2.5642903645833335","2.5642903645833335","2.5642903645833335"
"6345.268498901","74.67366536458333","74.67366536458333","74.67366536458333","2.5642903645833335","2.5642903645833335","2.5642903645833335"
"6355.266392848","74.67366536458333","74.67366536458333","74.67366536458333","2.5642903645833335","2.5642903645833335","2.5642903645833335"
"6365.268633069","74.67366536458333","74.67366536458333","74.67366536458333","2.5642903645833335","2.5642903645833335","2.5642903645833335"
"6375.267425707","74.67366536458333","74.67366536458333","74.67366536458333","2.5642903645833335","2.5642903645833335","2.5642903645833335"
"6385.271801035","74.67366536458333","74.67366536458333","74.67366536458333","2.5642903645833335","2.5642903645833335","2.5642903645833335"
"6395.271626093","74.67366536458333","74.67366536458333","74.67366536458333","2.5642903645833335","2.5642903645833335","2.5642903645833335"
"6405.265698111","74.67366536458333","74.67366536458333","74.67366536458333","2.5642903645833335","2.5642903645833335","2.5642903645833335"
"6415.27540635","74.67366536458333","74.67366536458333","74.67366536458333","2.5642903645833335","2.5642903645833335","2.5642903645833335"
"6425.269061306","74.67366536458333","74.67366536458333","74.67366536458333","2.5642903645833335","2.5642903645833335","2.5642903645833335"
"6435.267782121","74.67366536458333","74.67366536458333","74.67366536458333","2.5642903645833335","2.5642903645833335","2.5642903645833335"
"6445.270612672","74.67366536458333","74.67366536458333","74.67366536458333","2.5642903645833335","2.5642903645833335","2.5642903645833335"
"6455.267347696","74.67366536458333","74.67366536458333","74.67366536458333","2.5642903645833335","2.5642903645833335","2.5642903645833335"
"6465.275207677","74.67366536458333","74.67366536458333","74.67366536458333","2.5642903645833335","2.5642903645833335","2.5642903645833335"
"6475.274585848","74.67366536458333","74.67366536458333","74.67366536458333","2.5642903645833335","2.5642903645833335","2.5642903645833335"
"6485.278296682","74.67366536458333","74.67366536458333","74.67366536458333","2.5642903645833335","2.5642903645833335","2.5642903645833335"
"6495.269740958","74.67366536458333","74.67366536458333","74.67366536458333","2.5642903645833335","2.5642903645833335","2.5642903645833335"
"6505.276111694","74.67366536458333","74.67366536458333","74.67366536458333","2.5642903645833335","2.5642903645833335","2.5642903645833335"
"6515.268265732","74.67366536458333","74.67366536458333","74.67366536458333","2.5642903645833335","2.5642903645833335","2.5642903645833335"
"6525.274278702","74.67366536458333","74.67366536458333","74.67366536458333","2.5642903645833335","2.5642903645833335","2.5642903645833335"
"6535.270680161","74.67366536458333","74.67366536458333","74.67366536458333","2.5642903645833335","2.5642903645833335","2.5642903645833335"
"6545.273087391","74.67366536458333","74.67366536458333","74.67366536458333","2.5642903645833335","2.5642903645833335","2.5642903645833335"
"6555.277248723","74.67366536458333","74.67366536458333","74.67366536458333","2.5642903645833335","2.5642903645833335","2.5642903645833335"
"6565.26728664","74.67366536458333","74.67366536458333","74.67366536458333","2.5642903645833335","2.5642903645833335","2.5642903645833335"
"6575.268910592","74.67366536458333","74.67366536458333","74.67366536458333","2.5642903645833335","2.5642903645833335","2.5642903645833335"
"6585.27318068","74.67366536458333","74.67366536458333","74.67366536458333","2.5642903645833335","2.5642903645833335","2.5642903645833335"
"6595.266668499","74.67366536458333","74.67366536458333","74.67366536458333","2.5642903645833335","2.5642903645833335","2.5642903645833335"
"6605.268957463","74.67366536458333","74.67366536458333","74.67366536458333","2.5642903645833335","2.5642903645833335","2.5642903645833335"
"6615.266056867","74.67366536458333","74.67366536458333","74.67366536458333","2.5642903645833335","2.5642903645833335","2.5642903645833335"
"6625.266957279","74.67366536458333","74.67366536458333","74.67366536458333","2.5642903645833335","2.5642903645833335","2.5642903645833335"
"6635.265473202","74.67366536458333","74.67366536458333","74.67366536458333","2.5642903645833335","2.5642903645833335","2.5642903645833335"
"6645.275069982","74.67366536458333","74.67366536458333","74.67366536458333","2.5642903645833335","2.5642903645833335","2.5642903645833335"
"6655.266185363","74.67366536458333","74.67366536458333","74.67366536458333","2.5642903645833335","2.5642903645833335","2.5642903645833335"
"6665.272476164","74.67366536458333","74.67366536458333","74.67366536458333","2.5642903645833335","2.5642903645833335","2.5642903645833335"
"6675.27379124","74.67366536458333","74.67366536458333","74.67366536458333","2.5642903645833335","2.5642903645833335","2.5642903645833335"
"6685.265847748","74.67366536458333","74.67366536458333","74.67366536458333","2.5642903645833335","2.5642903645833335","2.5642903645833335"
"6695.267210123","74.67366536458333","74.67366536458333","74.67366536458333","2.5642903645833335","2.5642903645833335","2.5642903645833335"
"6705.266051453","74.67366536458333","74.67366536458333","74.67366536458333","2.5642903645833335","2.5642903645833335","2.5642903645833335"
"6715.266638701","74.67366536458333","74.67366536458333","74.67366536458333","2.5642903645833335","2.5642903645833335","2.5642903645833335"
"6725.26536817","74.67366536458333","74.67366536458333","74.67366536458333","2.5642903645833335","2.5642903645833335","2.5642903645833335"
"6735.266781159","74.67366536458333","74.67366536458333","74.67366536458333","2.5642903645833335","2.5642903645833335","2.5642903645833335"
"6745.265794792","74.67366536458333","74.67366536458333","74.67366536458333","2.5642903645833335","2.5642903645833335","2.5642903645833335"
"6755.265247524","74.67366536458333","74.67366536458333","74.67366536458333","2.5642903645833335","2.5642903645833335","2.5642903645833335"
"6765.27254652","74.67366536458333","74.67366536458333","74.67366536458333","2.5642903645833335","2.5642903645833335","2.5642903645833335"
"6775.274140466","74.67366536458333","74.67366536458333","74.67366536458333","2.5642903645833335","2.5642903645833335","2.5642903645833335"
"6785.276503779","74.67366536458333","74.67366536458333","74.67366536458333","2.5642903645833335","2.5642903645833335","2.5642903645833335"
"6795.267739525","74.67366536458333","74.67366536458333","74.67366536458333","2.5642903645833335","2.5642903645833335","2.5642903645833335"
"6805.268997297","74.67366536458333","74.67366536458333","74.67366536458333","2.5642903645833335","2.5642903645833335","2.5642903645833335"
"6815.266827316","74.67366536458333","74.67366536458333","74.67366536458333","2.5642903645833335","2.5642903645833335","2.5642903645833335"
"6825.27073043","74.67366536458333","74.67366536458333","74.67366536458333","2.5642903645833335","2.5642903645833335","2.5642903645833335"
"6835.266803449","74.67366536458333","74.67366536458333","74.67366536458333","2.5642903645833335","2.5642903645833335","2.5642903645833335"
"6845.26717991","74.67366536458333","74.67366536458333","74.67366536458333","2.5642903645833335","2.5642903645833335","2.5642903645833335"
"6855.265820758","74.67366536458333","74.67366536458333","74.67366536458333","2.5642903645833335","2.5642903645833335","2.5642903645833335"
"6865.26973258","74.67366536458333","74.67366536458333","74.67366536458333","2.5642903645833335","2.5642903645833335","2.5642903645833335"
"6875.271815064","74.67366536458333","74.67366536458333","74.67366536458333","2.5642903645833335","2.5642903645833335","2.5642903645833335"
"6885.270234538","74.67366536458333","74.67366536458333","74.67366536458333","2.5642903645833335","2.5642903645833335","2.5642903645833335"
"6895.271394991","74.67366536458333","74.67366536458333","74.67366536458333","2.5642903645833335","2.5642903645833335","2.5642903645833335"
"6905.276211751","74.67366536458333","74.67366536458333","74.67366536458333","2.5642903645833335","2.5642903645833335","2.5642903645833335"
"6915.271879911","74.67366536458333","74.67366536458333","74.67366536458333","2.5642903645833335","2.5642903645833335","2.5642903645833335"
"6925.265851547","74.67366536458333","74.67366536458333","74.67366536458333","2.5642903645833335","2.5642903645833335","2.5642903645833335"
"6935.270209841","74.67366536458333","74.67366536458333","74.67366536458333","2.5642903645833335","2.5642903645833335","2.5642903645833335"
"6945.266836505","74.67366536458333","74.67366536458333","74.67366536458333","2.5642903645833335","2.5642903645833335","2.5642903645833335"
"6955.281024488","74.67366536458333","74.67366536458333","74.67366536458333","2.5642903645833335","2.5642903645833335","2.5642903645833335"
"6965.267114641","74.67366536458333","74.67366536458333","74.67366536458333","2.5642903645833335","2.5642903645833335","2.5642903645833335"
"6975.269447562","74.67366536458333","74.67366536458333","74.67366536458333","2.5642903645833335","2.5642903645833335","2.5642903645833335"
"6985.266076322","74.67366536458333","74.67366536458333","74.67366536458333","2.5642903645833335","2.5642903645833335","2.5642903645833335"
"6995.268032843","74.67366536458333","74.67366536458333","74.67366536458333","2.5642903645833335","2.5642903645833335","2.5642903645833335"
"7005.269211666","74.67366536458333","74.67366536458333","74.67366536458333","2.5642903645833335","2.5642903645833335","2.5642903645833335"
"7015.275973268","74.67366536458333","74.67366536458333","74.67366536458333","2.5642903645833335","2.5642903645833335","2.5642903645833335"
"7025.266663436","74.67366536458333","74.67366536458333","74.67366536458333","2.5642903645833335","2.5642903645833335","2.5642903645833335"
"7035.275966887","74.67366536458333","74.67366536458333","74.67366536458333","2.5642903645833335","2.5642903645833335","2.5642903645833335"
"7045.266856179","74.67366536458333","74.67366536458333","74.67366536458333","2.5642903645833335","2.5642903645833335","2.5642903645833335"
"7055.273738355","74.67366536458333","74.67366536458333","74.67366536458333","2.5642903645833335","2.5642903645833335","2.5642903645833335"
"7065.27536408","74.67366536458333","74.67366536458333","74.67366536458333","2.5642903645833335","2.5642903645833335","2.5642903645833335"
"7075.270250738","74.67366536458333","74.67366536458333","74.67366536458333","2.5642903645833335","2.5642903645833335","2.5642903645833335"
"7085.268842805","74.67366536458333","74.67366536458333","74.67366536458333","2.5642903645833335","2.5642903645833335","2.5642903645833335"
"7095.27530527","74.67366536458333","74.67366536458333","74.67366536458333","2.5642903645833335","2.5642903645833335","2.5642903645833335"
"7105.26739402","74.67366536458333","74.67366536458333","74.67366536458333","2.5642903645833335","2.5642903645833335","2.5642903645833335"
"7115.269227128","74.67366536458333","74.67366536458333","74.67366536458333","2.5642903645833335","2.5642903645833335","2.5642903645833335"
"7125.268434927","74.67366536458333","74.67366536458333","74.67366536458333","2.5642903645833335","2.5642903645833335","2.5642903645833335"
"7135.267049822","74.67366536458333","74.67366536458333","74.67366536458333","2.5642903645833335","2.5642903645833335","2.5642903645833335"
"7145.268309409","74.67366536458333","74.67366536458333","74.67366536458333","2.5642903645833335","2.5642903645833335","2.5642903645833335"
"7155.271621196","74.67366536458333","74.67366536458333","74.67366536458333","2.5642903645833335","2.5642903645833335","2.5642903645833335"
"7165.276411092","74.67366536458333","74.67366536458333","74.67366536458333","2.5642903645833335","2.5642903645833335","2.5642903645833335"
"7175.27169243","74.67366536458333","74.67366536458333","74.67366536458333","2.5642903645833335","2.5642903645833335","2.5642903645833335"
"7185.269609123","74.67366536458333","74.67366536458333","74.67366536458333","2.5642903645833335","2.5642903645833335","2.5642903645833335"
"7195.267688967","74.67366536458333","74.67366536458333","74.67366536458333","2.5642903645833335","2.5642903645833335","2.5642903645833335"
"7205.273443367","74.67366536458333","74.67366536458333","74.67366536458333","2.5642903645833335","2.5642903645833335","2.5642903645833335"
"7215.268201523","74.67366536458333","74.67366536458333","74.67366536458333","2.5642903645833335","2.5642903645833335","2.5642903645833335"
"7225.274729161","74.67366536458333","74.67366536458333","74.67366536458333","2.5642903645833335","2.5642903645833335","2.5642903645833335"
"7235.267122906","74.67366536458333","74.67366536458333","74.67366536458333","2.5642903645833335","2.5642903645833335","2.5642903645833335"
"7245.268250767","74.67366536458333","74.67366536458333","74.67366536458333","2.5642903645833335","2.5642903645833335","2.5642903645833335"
"7255.266945083","74.67366536458333","74.67366536458333","74.67366536458333","2.5642903645833335","2.5642903645833335","2.5642903645833335"
"7265.268025972","74.67366536458333","74.67366536458333","74.67366536458333","2.5642903645833335","2.5642903645833335","2.5642903645833335"
"7275.266990506","74.67366536458333","74.67366536458333","74.67366536458333","2.5642903645833335","2.5642903645833335","2.5642903645833335"
"7285.268288821","74.67366536458333","74.67366536458333","74.67366536458333","2.5642903645833335","2.5642903645833335","2.5642903645833335"
"7295.271218815","74.67366536458333","74.67366536458333","74.67366536458333","2.5642903645833335","2.5642903645833335","2.5642903645833335"
"7305.267316563","74.67366536458333","74.67366536458333","74.67366536458333","2.5642903645833335","2.5642903645833335","2.5642903645833335"
"7315.275952994","74.67366536458333","74.67366536458333","74.67366536458333","2.5642903645833335","2.5642903645833335","2.5642903645833335"
"7325.276754874","74.67366536458333","74.67366536458333","74.67366536458333","2.5642903645833335","2.5642903645833335","2.5642903645833335"
"7335.26584027","74.67366536458333","74.67366536458333","74.67366536458333","2.5642903645833335","2.5642903645833335","2.5642903645833335"
"7345.26973949","74.67366536458333","74.67366536458333","74.67366536458333","2.5642903645833335","2.5642903645833335","2.5642903645833335"
"7355.267208853","74.67366536458333","74.67366536458333","74.67366536458333","2.5642903645833335","2.5642903645833335","2.5642903645833335"
"7365.272405433","74.67366536458333","74.67366536458333","74.67366536458333","2.5642903645833335","2.5642903645833335","2.5642903645833335"
"7375.267501486","74.67366536458333","74.67366536458333","74.67366536458333","2.5642903645833335","2.5642903645833335","2.5642903645833335"
"7385.267184918","74.67366536458333","74.67366536458333","74.67366536458333","2.5642903645833335","2.5642903645833335","2.5642903645833335"
"7395.268658993","74.67366536458333","74.67366536458333","74.67366536458333","2.5642903645833335","2.5642903645833335","2.5642903645833335"
"7405.268187202","74.67366536458333","74.67366536458333","74.67366536458333","2.5642903645833335","2.5642903645833335","2.5642903645833335"
"7415.271778622","74.67366536458333","74.67366536458333","74.67366536458333","2.5642903645833335","2.5642903645833335","2.5642903645833335"
"7425.269521687","74.67366536458333","74.67366536458333","74.67366536458333","2.5642903645833335","2.5642903645833335","2.5642903645833335"
"7435.267732106","74.67366536458333","74.67366536458333","74.67366536458333","2.5642903645833335","2.5642903645833335","2.5642903645833335"
"7445.269841448","74.67366536458333","74.67366536458333","74.67366536458333","2.5642903645833335","2.5642903645833335","2.5642903645833335"
"7455.268043542","74.67366536458333","74.67366536458333","74.67366536458333","2.5642903645833335","2.5642903645833335","2.5642903645833335"
"7465.267290735","74.67366536458333","74.67366536458333","74.67366536458333","2.5642903645833335","2.5642903645833335","2.5642903645833335"
"7475.265605866","74.67366536458333","74.67366536458333","74.67366536458333","2.5642903645833335","2.5642903645833335","2.5642903645833335"
"7485.275522122","74.67366536458333","74.67366536458333","74.67366536458333","2.5642903645833335","2.5642903645833335","2.5642903645833335"
"7495.267926875","74.67366536458333","74.67366536458333","74.67366536458333","2.5642903645833335","2.5642903645833335","2.5642903645833335"
"7505.268156785","74.67366536458333","74.67366536458333","74.67366536458333","2.5642903645833335","2.5642903645833335","2.5642903645833335"
"7515.267006019","74.67366536458333","74.67366536458333","74.67366536458333","2.5642903645833335","2.5642903645833335","2.5642903645833335"
"7525.265817928","74.67366536458333","74.67366536458333","74.67366536458333","2.5642903645833335","2.5642903645833335","2.5642903645833335"
"7535.269340155","74.67366536458333","74.67366536458333","74.67366536458333","2.5642903645833335","2.5642903645833335","2.5642903645833335"
"7545.267848139","74.67366536458333","74.67366536458333","74.67366536458333","2.5642903645833335","2.5642903645833335","2.5642903645833335"
"7555.26651911","74.67366536458333","74.67366536458333","74.67366536458333","2.5642903645833335","2.5642903645833335","2.5642903645833335"
"7565.266729548","74.67366536458333","74.67366536458333","74.67366536458333","2.5642903645833335","2.5642903645833335","2.5642903645833335"
"7575.268433576","74.67366536458333","74.67366536458333","74.67366536458333","2.5642903645833335","2.5642903645833335","2.5642903645833335"
"7585.268014819","74.67366536458333","74.67366536458333","74.67366536458333","2.5642903645833335","2.5642903645833335","2.5642903645833335"
"7595.266647835","74.67366536458333","74.67366536458333","74.67366536458333","2.5642903645833335","2.5642903645833335","2.5642903645833335"
"7605.269019198","74.67366536458333","74.67366536458333","74.67366536458333","2.5642903645833335","2.5642903645833335","2.5642903645833335"
"7615.275087414","74.67366536458333","74.67366536458333","74.67366536458333","2.5642903645833335","2.5642903645833335","2.5642903645833335"
"7625.269495016","74.67366536458333","74.67366536458333","74.67366536458333","2.5642903645833335","2.5642903645833335","2.5642903645833335"
"7635.266044262","74.67366536458333","74.67366536458333","74.67366536458333","2.5642903645833335","2.5642903645833335","2.5642903645833335"
"7645.265143907","74.67366536458333","74.67366536458333","74.67366536458333","2.5642903645833335","2.5642903645833335","2.5642903645833335"
"7655.277921309","74.67366536458333","74.67366536458333","74.67366536458333","2.5642903645833335","2.5642903645833335","2.5642903645833335"
"7665.266522874","74.67366536458333","74.67366536458333","74.67366536458333","2.5642903645833335","2.5642903645833335","2.5642903645833335"
"7675.267885473","74.67366536458333","74.67366536458333","74.67366536458333","2.5642903645833335","2.5642903645833335","2.5642903645833335"
"7685.275161061","74.67366536458333","74.67366536458333","74.67366536458333","2.5642903645833335","2.5642903645833335","2.5642903645833335"
"7695.271766802","74.67366536458333","74.67366536458333","74.67366536458333","2.5642903645833335","2.5642903645833335","2.5642903645833335"
"7705.266417373","74.67366536458333","74.67366536458333","74.67366536458333","2.5642903645833335","2.5642903645833335","2.5642903645833335"
"7715.275600026","74.67366536458333","74.67366536458333","74.67366536458333","2.5642903645833335","2.5642903645833335","2.5642903645833335"
"7725.267828934","74.67366536458333","74.67366536458333","74.67366536458333","2.5642903645833335","2.5642903645833335","2.5642903645833335"
"7735.266397064","74.67366536458333","74.67366536458333","74.67366536458333","2.5642903645833335","2.5642903645833335","2.5642903645833335"
"7745.266627238","74.67366536458333","74.67366536458333","74.67366536458333","2.5642903645833335","2.5642903645833335","2.5642903645833335"
"7755.267746496","74.67366536458333","74.67366536458333","74.67366536458333","2.5642903645833335","2.5642903645833335","2.5642903645833335"
"7765.268902114","74.67366536458333","74.67366536458333","74.67366536458333","2.5642903645833335","2.5642903645833335","2.5642903645833335"
"7775.275217284","74.67366536458333","74.67366536458333","74.67366536458333","2.5642903645833335","2.5642903645833335","2.5642903645833335"
"7785.266388161","74.67366536458333","74.67366536458333","74.67366536458333","2.5642903645833335","2.5642903645833335","2.5642903645833335"
"7795.275377311","74.67366536458333","74.67366536458333","74.67366536458333","2.5642903645833335","2.5642903645833335","2.5642903645833335"
"7805.268452872","74.67366536458333","74.67366536458333","74.67366536458333","2.5642903645833335","2.5642903645833335","2.5642903645833335"
"7815.267062358","74.67366536458333","74.67366536458333","74.67366536458333","2.5642903645833335","2.5642903645833335","2.5642903645833335"
"7825.266807005","74.67366536458333","74.67366536458333","74.67366536458333","2.5642903645833335","2.5642903645833335","2.5642903645833335"
"7835.265294444","74.67366536458333","74.67366536458333","74.67366536458333","2.5642903645833335","2.5642903645833335","2.5642903645833335"
"7845.267664299","74.67366536458333","74.67366536458333","74.67366536458333","2.5642903645833335","2.5642903645833335","2.5642903645833335"
"7855.272770023","74.67366536458333","74.67366536458333","74.67366536458333","2.5642903645833335","2.5642903645833335","2.5642903645833335"
"7865.269935167","74.67366536458333","74.67366536458333","74.67366536458333","2.5642903645833335","2.5642903645833335","2.5642903645833335"
"7875.266498156","74.67366536458333","74.67366536458333","74.67366536458333","2.5642903645833335","2.5642903645833335","2.5642903645833335"
"7885.265273881","74.67366536458333","74.67366536458333","74.67366536458333","2.5642903645833335","2.5642903645833335","2.5642903645833335"
"7895.27022877","74.67366536458333","74.67366536458333","74.67366536458333","2.5642903645833335","2.5642903645833335","2.5642903645833335"
"7905.266345841","74.67366536458333","74.67366536458333","74.67366536458333","2.5642903645833335","2.5642903645833335","2.5642903645833335"
"7915.276220111","74.67366536458333","74.67366536458333","74.67366536458333","2.5642903645833335","2.5642903645833335","2.5642903645833335"
"7925.272496546","74.67366536458333","74.67366536458333","74.67366536458333","2.5642903645833335","2.5642903645833335","2.5642903645833335"
"7935.26792506","74.67366536458333","74.67366536458333","74.67366536458333","2.5642903645833335","2.5642903645833335","2.5642903645833335"
"7945.272976741","74.67366536458333","74.67366536458333","74.67366536458333","2.5642903645833335","2.5642903645833335","2.5642903645833335"
"7955.265820771","74.67366536458333","74.67366536458333","74.67366536458333","2.5642903645833335","2.5642903645833335","2.5642903645833335"
"7965.268185421","74.67366536458333","74.67366536458333","74.67366536458333","2.5642903645833335","2.5642903645833335","2.5642903645833335"
"7975.26763435","74.67366536458333","74.67366536458333","74.67366536458333","2.5642903645833335","2.5642903645833335","2.5642903645833335"
"7985.267074625","74.67366536458333","74.67366536458333","74.67366536458333","2.5642903645833335","2.5642903645833335","2.5642903645833335"
"7995.277509251","74.67366536458333","74.67366536458333","74.67366536458333","2.5642903645833335","2.5642903645833335","2.5642903645833335"
"8005.266427183","74.67366536458333","74.67366536458333","74.67366536458333","2.5642903645833335","2.5642903645833335","2.5642903645833335"
"8015.269814234","74.67366536458333","74.67366536458333","74.67366536458333","2.5642903645833335","2.5642903645833335","2.5642903645833335"
"8025.27158616","74.67366536458333","74.67366536458333","74.67366536458333","2.5642903645833335","2.5642903645833335","2.5642903645833335"
"8035.275325862","74.67366536458333","74.67366536458333","74.67366536458333","2.5642903645833335","2.5642903645833335","2.5642903645833335"
"8045.268843485","74.67366536458333","74.67366536458333","74.67366536458333","2.5642903645833335","2.5642903645833335","2.5642903645833335"
"8055.266481915","74.67366536458333","74.67366536458333","74.67366536458333","2.5642903645833335","2.5642903645833335","2.5642903645833335"
"8065.267674196","74.67366536458333","74.67366536458333","74.67366536458333","2.5642903645833335","2.5642903645833335","2.5642903645833335"
"8075.268127008","74.67366536458333","74.67366536458333","74.67366536458333","2.5642903645833335","2.5642903645833335","2.5642903645833335"
"8085.266431397","74.67366536458333","74.67366536458333","74.67366536458333","2.5642903645833335","2.5642903645833335","2.5642903645833335"
"8095.27480162","74.67366536458333","74.67366536458333","74.67366536458333","2.5642903645833335","2.5642903645833335","2.5642903645833335"
"8105.273339241","74.67366536458333","74.67366536458333","74.67366536458333","2.5642903645833335","2.5642903645833335","2.5642903645833335"
"8115.269563651","74.67366536458333","74.67366536458333","74.67366536458333","2.5642903645833335","2.5642903645833335","2.5642903645833335"
"8125.267104395","74.67366536458333","74.67366536458333","74.67366536458333","2.5642903645833335","2.5642903645833335","2.5642903645833335"
"8135.2686717","74.67366536458333","74.67366536458333","74.67366536458333","2.5642903645833335","2.5642903645833335","2.5642903645833335"
"8145.269789294","74.67366536458333","74.67366536458333","74.67366536458333","2.5642903645833335","2.5642903645833335","2.5642903645833335"
"8155.266340802","74.67366536458333","74.67366536458333","74.67366536458333","2.5642903645833335","2.5642903645833335","2.5642903645833335"
"8165.267592278","74.67366536458333","74.67366536458333","74.67366536458333","2.5642903645833335","2.5642903645833335","2.5642903645833335"
"8175.271068852","74.67366536458333","74.67366536458333","74.67366536458333","2.5642903645833335","2.5642903645833335","2.5642903645833335"
"8185.276717066","74.67366536458333","74.67366536458333","74.67366536458333","2.5642903645833335","2.5642903645833335","2.5642903645833335"
"8195.268802094","74.67366536458333","74.67366536458333","74.67366536458333","2.5642903645833335","2.5642903645833335","2.5642903645833335"
"8205.267729504","74.67366536458333","74.67366536458333","74.67366536458333","2.5642903645833335","2.5642903645833335","2.5642903645833335"
"8215.268193634","74.67366536458333","74.67366536458333","74.67366536458333","2.5642903645833335","2.5642903645833335","2.5642903645833335"
"8225.270518576","74.67366536458333","74.67366536458333","74.67366536458333","2.5642903645833335","2.5642903645833335","2.5642903645833335"
"8235.267365274","74.67366536458333","74.67366536458333","74.67366536458333","2.5642903645833335","2.5642903645833335","2.5642903645833335"
"8245.274156326","74.67366536458333","74.67366536458333","74.67366536458333","2.5642903645833335","2.5642903645833335","2.5642903645833335"
"8255.273009137","74.67366536458333","74.67366536458333","74.67366536458333","2.5642903645833335","2.5642903645833335","2.5642903645833335"
"8265.274999011","74.67366536458333","74.67366536458333","74.67366536458333","2.5642903645833335","2.5642903645833335","2.5642903645833335"
"8275.265605066","74.67366536458333","74.67366536458333","74.67366536458333","2.5642903645833335","2.5642903645833335","2.5642903645833335"
"8285.268252333","74.67366536458333","74.67366536458333","74.67366536458333","2.5642903645833335","2.5642903645833335","2.5642903645833335"
"8295.269829436","74.67366536458333","74.67366536458333","74.67366536458333","2.5642903645833335","2.5642903645833335","2.5642903645833335"
"8305.266998827","74.67366536458333","74.67366536458333","74.67366536458333","2.5642903645833335","2.5642903645833335","2.5642903645833335"
"8315.265139827","74.67366536458333","74.67366536458333","74.67366536458333","2.5642903645833335","2.5642903645833335","2.5642903645833335"
"8325.269405514","74.67366536458333","74.67366536458333","74.67366536458333","2.5642903645833335","2.5642903645833335","2.5642903645833335"
"8335.274539372","74.67366536458333","74.67366536458333","74.67366536458333","2.5642903645833335","2.5642903645833335","2.5642903645833335"
"8345.265611752","74.67366536458333","74.67366536458333","74.67366536458333","2.5642903645833335","2.5642903645833335","2.5642903645833335"
"8355.267793384","74.67366536458333","74.67366536458333","74.67366536458333","2.5642903645833335","2.5642903645833335","2.5642903645833335"
"8365.268409953","74.67366536458333","74.67366536458333","74.67366536458333","2.5642903645833335","2.5642903645833335","2.5642903645833335"
"8375.276332272","74.67366536458333","74.67366536458333","74.67366536458333","2.5642903645833335","2.5642903645833335","2.5642903645833335"
"8385.266576488","74.67366536458333","74.67366536458333","74.67366536458333","2.5642903645833335","2.5642903645833335","2.5642903645833335"
"8395.266200728","74.67366536458333","74.67366536458333","74.67366536458333","2.5642903645833335","2.5642903645833335","2.5642903645833335"
"8405.268607634","74.67366536458333","74.67366536458333","74.67366536458333","2.5642903645833335","2.5642903645833335","2.5642903645833335"
"8415.276418391","74.67366536458333","74.67366536458333","74.67366536458333","2.5642903645833335","2.5642903645833335","2.5642903645833335"
"8425.265950247","74.67366536458333","74.67366536458333","74.67366536458333","2.5642903645833335","2.5642903645833335","2.5642903645833335"
"8435.272815348","74.67366536458333","74.67366536458333","74.67366536458333","2.5642903645833335","2.5642903645833335","2.5642903645833335"
"8445.270626781","74.67366536458333","74.67366536458333","74.67366536458333","2.5642903645833335","2.5642903645833335","2.5642903645833335"
"8455.267598784","74.67366536458333","74.67366536458333","74.67366536458333","2.5642903645833335","2.5642903645833335","2.5642903645833335"
"8465.266206648","74.67366536458333","74.67366536458333","74.67366536458333","2.5642903645833335","2.5642903645833335","2.5642903645833335"
"8475.268470184","74.67366536458333","74.67366536458333","74.67366536458333","2.5642903645833335","2.5642903645833335","2.5642903645833335"
"8485.266612965","74.67366536458333","74.67366536458333","74.67366536458333","2.5642903645833335","2.5642903645833335","2.5642903645833335"
"8495.26869236","74.67366536458333","74.67366536458333","74.67366536458333","2.5642903645833335","2.5642903645833335","2.5642903645833335"
"8505.268440931","74.67366536458333","74.67366536458333","74.67366536458333","2.5642903645833335","2.5642903645833335","2.5642903645833335"
"8515.27836093","74.67366536458333","74.67366536458333","74.67366536458333","2.5642903645833335","2.5642903645833335","2.5642903645833335"
"8525.269459114","74.67366536458333","74.67366536458333","74.67366536458333","2.5642903645833335","2.5642903645833335","2.5642903645833335"
"8535.267885106","74.67366536458333","74.67366536458333","74.67366536458333","2.5642903645833335","2.5642903645833335","2.5642903645833335"
"8545.267454357","74.67366536458333","74.67366536458333","74.67366536458333","2.5642903645833335","2.5642903645833335","2.5642903645833335"
"8555.26898574","74.67366536458333","74.67366536458333","74.67366536458333","2.5642903645833335","2.5642903645833335","2.5642903645833335"
"8565.267413992","74.67366536458333","74.67366536458333","74.67366536458333","2.5642903645833335","2.5642903645833335","2.5642903645833335"
"8575.276947969","74.67366536458333","74.67366536458333","74.67366536458333","2.5642903645833335","2.5642903645833335","2.5642903645833335"
"8585.26742504","74.67366536458333","74.67366536458333","74.67366536458333","2.5642903645833335","2.5642903645833335","2.5642903645833335"
"8595.267452625","74.67366536458333","74.67366536458333","74.67366536458333","2.5642903645833335","2.5642903645833335","2.5642903645833335"
"8605.26826857","74.67366536458333","74.67366536458333","74.67366536458333","2.5642903645833335","2.5642903645833335","2.5642903645833335"
"8615.265246389","74.67366536458333","74.67366536458333","74.67366536458333","2.5642903645833335","2.5642903645833335","2.5642903645833335"
"8625.267366157","74.67366536458333","74.67366536458333","74.67366536458333","2.5642903645833335","2.5642903645833335","2.5642903645833335"
"8635.265257041","74.67366536458333","74.67366536458333","74.67366536458333","2.5642903645833335","2.5642903645833335","2.5642903645833335"
"8645.26585124","74.67366536458333","74.67366536458333","74.67366536458333","2.5642903645833335","2.5642903645833335","2.5642903645833335"
"8655.273018165","74.67366536458333","74.67366536458333","74.67366536458333","2.5642903645833335","2.5642903645833335","2.5642903645833335"
"8665.271073848","74.67366536458333","74.67366536458333","74.67366536458333","2.5642903645833335","2.5642903645833335","2.5642903645833335"
"8675.268754561","74.67366536458333","74.67366536458333","74.67366536458333","2.5642903645833335","2.5642903645833335","2.5642903645833335"
"8685.276414871","74.67366536458333","74.67366536458333","74.67366536458333","2.5642903645833335","2.5642903645833335","2.5642903645833335"
"8695.268722379","74.67366536458333","74.67366536458333","74.67366536458333","2.5642903645833335","2.5642903645833335","2.5642903645833335"
"8705.266311138","74.67366536458333","74.67366536458333","74.67366536458333","2.5642903645833335","2.5642903645833335","2.5642903645833335"
"8715.276038951","74.67366536458333","74.67366536458333","74.67366536458333","2.5642903645833335","2.5642903645833335","2.5642903645833335"
"8725.273343637","74.67366536458333","74.67366536458333","74.67366536458333","2.5642903645833335","2.5642903645833335","2.5642903645833335"
"8735.265695031","74.67366536458333","74.67366536458333","74.67366536458333","2.5642903645833335","2.5642903645833335","2.5642903645833335"
"8745.267935587","74.67366536458333","74.67366536458333","74.67366536458333","2.5642903645833335","2.5642903645833335","2.5642903645833335"
"8755.269133347","74.67366536458333","74.67366536458333","74.67366536458333","2.5642903645833335","2.5642903645833335","2.5642903645833335"
"8765.2715031","74.67366536458333","74.67366536458333","74.67366536458333","2.5642903645833335","2.5642903645833335","2.5642903645833335"
"8775.270426213","74.67366536458333","74.67366536458333","74.67366536458333","2.5642903645833335","2.5642903645833335","2.5642903645833335"
"8785.268191937","74.67366536458333","74.67366536458333","74.67366536458333","2.5642903645833335","2.5642903645833335","2.5642903645833335"
"8795.265617615","74.67366536458333","74.67366536458333","74.67366536458333","2.5642903645833335","2.5642903645833335","2.5642903645833335"
"8805.267776307","74.67366536458333","74.67366536458333","74.67366536458333","2.5642903645833335","2.5642903645833335","2.5642903645833335"
"8815.274644143","74.67366536458333","74.67366536458333","74.67366536458333","2.5642903645833335","2.5642903645833335","2.5642903645833335"
"8825.274660978","74.67366536458333","74.67366536458333","74.67366536458333","2.5642903645833335","2.5642903645833335","2.5642903645833335"
"8835.278396458","74.67366536458333","74.67366536458333","74.67366536458333","2.5642903645833335","2.5642903645833335","2.5642903645833335"
"8845.2654304","74.67366536458333","74.67366536458333","74.67366536458333","2.5642903645833335","2.5642903645833335","2.5642903645833335"
"8855.267890467","74.67366536458333","74.67366536458333","74.67366536458333","2.5642903645833335","2.5642903645833335","2.5642903645833335"
"8865.266228091","74.67366536458333","74.67366536458333","74.67366536458333","2.5642903645833335","2.5642903645833335","2.5642903645833335"
"8875.269123862","74.67366536458333","74.67366536458333","74.67366536458333","2.5642903645833335","2.5642903645833335","2.5642903645833335"
"8885.269069715","74.67366536458333","74.67366536458333","74.67366536458333","2.5642903645833335","2.5642903645833335","2.5642903645833335"
"8895.267536322","74.67366536458333","74.67366536458333","74.67366536458333","2.5642903645833335","2.5642903645833335","2.5642903645833335"
"8905.265244871","74.67366536458333","74.67366536458333","74.67366536458333","2.5642903645833335","2.5642903645833335","2.5642903645833335"
"8915.271250323","74.67366536458333","74.67366536458333","74.67366536458333","2.5642903645833335","2.5642903645833335","2.5642903645833335"
"8925.276096093","74.67366536458333","74.67366536458333","74.67366536458333","2.5642903645833335","2.5642903645833335","2.5642903645833335"
"8935.276339074","74.67366536458333","74.67366536458333","74.67366536458333","2.5642903645833335","2.5642903645833335","2.5642903645833335"
"8945.272748088","74.67366536458333","74.67366536458333","74.67366536458333","2.5642903645833335","2.5642903645833335","2.5642903645833335"
"8955.269456822","74.67366536458333","74.67366536458333","74.67366536458333","2.5642903645833335","2.5642903645833335","2.5642903645833335"
"8965.265281538","74.67366536458333","74.67366536458333","74.67366536458333","2.5642903645833335","2.5642903645833335","2.5642903645833335"
"8975.271515029","74.67366536458333","74.67366536458333","74.67366536458333","2.5642903645833335","2.5642903645833335","2.5642903645833335"
"8985.269014141","74.67366536458333","74.67366536458333","74.67366536458333","2.5642903645833335","2.5642903645833335","2.5642903645833335"
"8995.265411324","74.67366536458333","74.67366536458333","74.67366536458333","2.5642903645833335","2.5642903645833335","2.5642903645833335"
"9005.268323305","74.67366536458333","74.67366536458333","74.67366536458333","2.5642903645833335","2.5642903645833335","2.5642903645833335"
"9015.265721188","74.67366536458333","74.67366536458333","74.67366536458333","2.5642903645833335","2.5642903645833335","2.5642903645833335"
"9025.268935439","74.67366536458333","74.67366536458333","74.67366536458333","2.5642903645833335","2.5642903645833335","2.5642903645833335"
"9035.266917739","74.67366536458333","74.67366536458333","74.67366536458333","2.5642903645833335","2.5642903645833335","2.5642903645833335"
"9045.2719885","74.67366536458333","74.67366536458333","74.67366536458333","2.5642903645833335","2.5642903645833335","2.5642903645833335"
"9055.274689111","74.67366536458333","74.67366536458333","74.67366536458333","2.5642903645833335","2.5642903645833335","2.5642903645833335"
"9065.266909936","74.67366536458333","74.67366536458333","74.67366536458333","2.5642903645833335","2.5642903645833335","2.5642903645833335"
"9075.270381377","74.67366536458333","74.67366536458333","74.67366536458333","2.5642903645833335","2.5642903645833335","2.5642903645833335"
"9085.273346033","74.67366536458333","74.67366536458333","74.67366536458333","2.5642903645833335","2.5642903645833335","2.5642903645833335"
"9095.269162505","74.67366536458333","74.67366536458333","74.67366536458333","2.5642903645833335","2.5642903645833335","2.5642903645833335"
"9105.277780919","74.67366536458333","74.67366536458333","74.67366536458333","2.5642903645833335","2.5642903645833335","2.5642903645833335"
"9115.277108299","74.67366536458333","74.67366536458333","74.67366536458333","2.5642903645833335","2.5642903645833335","2.5642903645833335"
"9125.274484144","74.67366536458333","74.67366536458333","74.67366536458333","2.5642903645833335","2.5642903645833335","2.5642903645833335"
"9135.271302515","74.67366536458333","74.67366536458333","74.67366536458333","2.5642903645833335","2.5642903645833335","2.5642903645833335"
"9145.267071038","74.67366536458333","74.67366536458333","74.67366536458333","2.5642903645833335","2.5642903645833335","2.5642903645833335"
"9155.266665828","74.67366536458333","74.67366536458333","74.67366536458333","2.5642903645833335","2.5642903645833335","2.5642903645833335"
"9165.27909498","74.67366536458333","74.67366536458333","74.67366536458333","2.5642903645833335","2.5642903645833335","2.5642903645833335"
"9175.266830065","74.67366536458333","74.67366536458333","74.67366536458333","2.5642903645833335","2.5642903645833335","2.5642903645833335"
"9185.265888464","74.67366536458333","74.67366536458333","74.67366536458333","2.5642903645833335","2.5642903645833335","2.5642903645833335"
"9195.274581797","74.67366536458333","74.67366536458333","74.67366536458333","2.5642903645833335","2.5642903645833335","2.5642903645833335"
"9205.26662533","74.67366536458333","74.67366536458333","74.67366536458333","2.5642903645833335","2.5642903645833335","2.5642903645833335"
"9215.267609008","74.67366536458333","74.67366536458333","74.67366536458333","2.5642903645833335","2.5642903645833335","2.5642903645833335"
"9225.267113125","74.67366536458333","74.67366536458333","74.67366536458333","2.5642903645833335","2.5642903645833335","2.5642903645833335"
"9235.26572732","74.67366536458333","74.67366536458333","74.67366536458333","2.5642903645833335","2.5642903645833335","2.5642903645833335"
"9245.267498435","74.67366536458333","74.67366536458333","74.67366536458333","2.5642903645833335","2.5642903645833335","2.5642903645833335"
"9255.26835974","74.67366536458333","74.67366536458333","74.67366536458333","2.5642903645833335","2.5642903645833335","2.5642903645833335"
"9265.268277893","74.67366536458333","74.67366536458333","74.67366536458333","2.5642903645833335","2.5642903645833335","2.5642903645833335"
"9275.270864159","74.67366536458333","74.67366536458333","74.67366536458333","2.5642903645833335","2.5642903645833335","2.5642903645833335"
"9285.266752477","74.67366536458333","74.67366536458333","74.67366536458333","2.5642903645833335","2.5642903645833335","2.5642903645833335"
"9295.273911527","74.67366536458333","74.67366536458333","74.67366536458333","2.5642903645833335","2.5642903645833335","2.5642903645833335"
"9305.278531191","74.67366536458333","74.67366536458333","74.67366536458333","2.5642903645833335","2.5642903645833335","2.5642903645833335"
"9315.270658917","74.67366536458333","74.67366536458333","74.67366536458333","2.5642903645833335","2.5642903645833335","2.5642903645833335"
"9325.269537607","74.67366536458333","74.67366536458333","74.67366536458333","2.5642903645833335","2.5642903645833335","2.5642903645833335"
"9335.265170431","74.67366536458333","74.67366536458333","74.67366536458333","2.5642903645833335","2.5642903645833335","2.5642903645833335"
"9345.266301986","74.67366536458333","74.67366536458333","74.67366536458333","2.5642903645833335","2.5642903645833335","2.5642903645833335"
"9355.266016364","74.67366536458333","74.67366536458333","74.67366536458333","2.5642903645833335","2.5642903645833335","2.5642903645833335"
"9365.269590554","74.67366536458333","74.67366536458333","74.67366536458333","2.5642903645833335","2.5642903645833335","2.5642903645833335"
"9375.267738864","74.67366536458333","74.67366536458333","74.67366536458333","2.5642903645833335","2.5642903645833335","2.5642903645833335"
"9385.265588342","74.67366536458333","74.67366536458333","74.67366536458333","2.5642903645833335","2.5642903645833335","2.5642903645833335"
"9395.265890702","74.67366536458333","74.67366536458333","74.67366536458333","2.5642903645833335","2.5642903645833335","2.5642903645833335"
"9405.265575858","74.67366536458333","74.67366536458333","74.67366536458333","2.5642903645833335","2.5642903645833335","2.5642903645833335"
"9415.267240293","74.67366536458333","74.67366536458333","74.67366536458333","2.5642903645833335","2.5642903645833335","2.5642903645833335"
"9425.266128459","74.67366536458333","74.67366536458333","74.67366536458333","2.5642903645833335","2.5642903645833335","2.5642903645833335"
"9435.268379195","74.67366536458333","74.67366536458333","74.67366536458333","2.5642903645833335","2.5642903645833335","2.5642903645833335"
"9445.271881495","74.67366536458333","74.67366536458333","74.67366536458333","2.5642903645833335","2.5642903645833335","2.5642903645833335"
"9455.266401686","74.67366536458333","74.67366536458333","74.67366536458333","2.5642903645833335","2.5642903645833335","2.5642903645833335"
"9465.267981138","74.67366536458333","74.67366536458333","74.67366536458333","2.5642903645833335","2.5642903645833335","2.5642903645833335"
"9475.273011463","74.67366536458333","74.67366536458333","74.67366536458333","2.5642903645833335","2.5642903645833335","2.5642903645833335"
"9485.266715943","74.67366536458333","74.67366536458333","74.67366536458333","2.5642903645833335","2.5642903645833335","2.5642903645833335"
"9495.269697907","74.67366536458333","74.67366536458333","74.67366536458333","2.5642903645833335","2.5642903645833335","2.5642903645833335"
"9505.265893114","74.67366536458333","74.67366536458333","74.67366536458333","2.5642903645833335","2.5642903645833335","2.5642903645833335"
"9515.272278192","74.67366536458333","74.67366536458333","74.67366536458333","2.5642903645833335","2.5642903645833335","2.5642903645833335"
"9525.270337106","74.67366536458333","74.67366536458333","74.67366536458333","2.5642903645833335","2.5642903645833335","2.5642903645833335"
"9535.268401599","74.67366536458333","74.67366536458333","74.67366536458333","2.5642903645833335","2.5642903645833335","2.5642903645833335"
"9545.265462722","74.67366536458333","74.67366536458333","74.67366536458333","2.5642903645833335","2.5642903645833335","2.5642903645833335"
"9555.267834371","74.67366536458333","74.67366536458333","74.67366536458333","2.5642903645833335","2.5642903645833335","2.5642903645833335"
"9565.267606317","74.67366536458333","74.67366536458333","74.67366536458333","2.5642903645833335","2.5642903645833335","2.5642903645833335"
"9575.267019192","74.67366536458333","74.67366536458333","74.67366536458333","2.5642903645833335","2.5642903645833335","2.5642903645833335"
"9585.270231227","74.67366536458333","74.67366536458333","74.67366536458333","2.5642903645833335","2.5642903645833335","2.5642903645833335"
"9595.26696636","74.67366536458333","74.67366536458333","74.67366536458333","2.5642903645833335","2.5642903645833335","2.5642903645833335"
"9605.265903156","74.67366536458333","74.67366536458333","74.67366536458333","2.5642903645833335","2.5642903645833335","2.5642903645833335"
"9615.26774542","74.67366536458333","74.67366536458333","74.67366536458333","2.5642903645833335","2.5642903645833335","2.5642903645833335"
"9625.269185254","74.67366536458333","74.67366536458333","74.67366536458333","2.5642903645833335","2.5642903645833335","2.5642903645833335"
"9635.267727176","74.67366536458333","74.67366536458333","74.67366536458333","2.5642903645833335","2.5642903645833335","2.5642903645833335"
"9645.266396759","74.67366536458333","74.67366536458333","74.67366536458333","2.5642903645833335","2.5642903645833335","2.5642903645833335"
"9655.272515105","74.67366536458333","74.67366536458333","74.67366536458333","2.5642903645833335","2.5642903645833335","2.5642903645833335"
"9665.268029718","74.67366536458333","74.67366536458333","74.67366536458333","2.5642903645833335","2.5642903645833335","2.5642903645833335"
"9675.269545992","74.67366536458333","74.67366536458333","74.67366536458333","2.5642903645833335","2.5642903645833335","2.5642903645833335"
"9685.266314763","74.67366536458333","74.67366536458333","74.67366536458333","2.5642903645833335","2.5642903645833335","2.5642903645833335"
"9695.269770489","74.67366536458333","74.67366536458333","74.67366536458333","2.5642903645833335","2.5642903645833335","2.5642903645833335"
"9705.273319382","74.67366536458333","74.67366536458333","74.67366536458333","2.5642903645833335","2.5642903645833335","2.5642903645833335"
"9715.275284489","74.67366536458333","74.67366536458333","74.67366536458333","2.5642903645833335","2.5642903645833335","2.5642903645833335"
"9725.275064875","74.67366536458333","74.67366536458333","74.67366536458333","2.5642903645833335","2.5642903645833335","2.5642903645833335"
"9735.26697469","74.67366536458333","74.67366536458333","74.67366536458333","2.5642903645833335","2.5642903645833335","2.5642903645833335"
"9745.26799186","74.67366536458333","74.67366536458333","74.67366536458333","2.5642903645833335","2.5642903645833335","2.5642903645833335"
"9755.26767202","74.67366536458333","74.67366536458333","74.67366536458333","2.5642903645833335","2.5642903645833335","2.5642903645833335"
"9765.268969869","74.67366536458333","74.67366536458333","74.67366536458333","2.5642903645833335","2.5642903645833335","2.5642903645833335"
"9775.269105248","74.67366536458333","74.67366536458333","74.67366536458333","2.5642903645833335","2.5642903645833335","2.5642903645833335"
"9785.26546911","74.67366536458333","74.67366536458333","74.67366536458333","2.5642903645833335","2.5642903645833335","2.5642903645833335"
"9795.267035891","74.67366536458333","74.67366536458333","74.67366536458333","2.5642903645833335","2.5642903645833335","2.5642903645833335"
"9805.267757588","74.67366536458333","74.67366536458333","74.67366536458333","2.5642903645833335","2.5642903645833335","2.5642903645833335"
"9815.267301091","74.67366536458333","74.67366536458333","74.67366536458333","2.5642903645833335","2.5642903645833335","2.5642903645833335"
"9825.268523093","74.67366536458333","74.67366536458333","74.67366536458333","2.5642903645833335","2.5642903645833335","2.5642903645833335"
"9835.266586706","74.67366536458333","74.67366536458333","74.67366536458333","2.5642903645833335","2.5642903645833335","2.5642903645833335"
"9845.267572181","74.67366536458333","74.67366536458333","74.67366536458333","2.5642903645833335","2.5642903645833335","2.5642903645833335"
"9855.269326867","74.67366536458333","74.67366536458333","74.67366536458333","2.5642903645833335","2.5642903645833335","2.5642903645833335"
"9865.26583842","74.67366536458333","74.67366536458333","74.67366536458333","2.5642903645833335","2.5642903645833335","2.5642903645833335"
"9875.2674505","74.67366536458333","74.67366536458333","74.67366536458333","2.5642903645833335","2.5642903645833335","2.5642903645833335"
"9885.277146634","74.67366536458333","74.67366536458333","74.67366536458333","2.5642903645833335","2.5642903645833335","2.5642903645833335"
"9895.276915435","74.67366536458333","74.67366536458333","74.67366536458333","2.5642903645833335","2.5642903645833335","2.5642903645833335"
"9905.268414401","74.67366536458333","74.67366536458333","74.67366536458333","2.5642903645833335","2.5642903645833335","2.5642903645833335"
"9915.268494173","74.67366536458333","74.67366536458333","74.67366536458333","2.5642903645833335","2.5642903645833335","2.5642903645833335"
"9925.268094982","74.67366536458333","74.67366536458333","74.67366536458333","2.5642903645833335","2.5642903645833335","2.5642903645833335"
"9935.267883178","74.67366536458333","74.67366536458333","74.67366536458333","2.5642903645833335","2.5642903645833335","2.5642903645833335"
"9945.267173253","74.67366536458333","74.67366536458333","74.67366536458333","2.5642903645833335","2.5642903645833335","2.5642903645833335"
"9955.266417081","74.67366536458333","74.67366536458333","74.67366536458333","2.5642903645833335","2.5642903645833335","2.5642903645833335"
"9965.268176628","74.67366536458333","74.67366536458333","74.67366536458333","2.5642903645833335","2.5642903645833335","2.5642903645833335"
"9975.27028202","74.67366536458333","74.67366536458333","74.67366536458333","2.5642903645833335","2.5642903645833335","2.5642903645833335"
"9985.275231515","74.67366536458333","74.67366536458333","74.67366536458333","2.5642903645833335","2.5642903645833335","2.5642903645833335"
"9995.26710852","74.67366536458333","74.67366536458333","74.67366536458333","2.5642903645833335","2.5642903645833335","2.5642903645833335"
"10005.266592913","74.67366536458333","74.67366536458333","74.67366536458333","2.5642903645833335","2.5642903645833335","2.5642903645833335"
"10015.265942395","74.67366536458333","74.67366536458333","74.67366536458333","2.5642903645833335","2.5642903645833335","2.5642903645833335"
"10025.266882367","74.67366536458333","74.67366536458333","74.67366536458333","2.5642903645833335","2.5642903645833335","2.5642903645833335"
"10035.274240376","74.67366536458333","74.67366536458333","74.67366536458333","2.5642903645833335","2.5642903645833335","2.5642903645833335"
"10045.266489421","74.67366536458333","74.67366536458333","74.67366536458333","2.5642903645833335","2.5642903645833335","2.5642903645833335"
"10055.265271964","74.67366536458333","74.67366536458333","74.67366536458333","2.5642903645833335","2.5642903645833335","2.5642903645833335"
"10065.266477145","74.67366536458333","74.67366536458333","74.67366536458333","2.5642903645833335","2.5642903645833335","2.5642903645833335"
"10075.274032717","74.67366536458333","74.67366536458333","74.67366536458333","2.5642903645833335","2.5642903645833335","2.5642903645833335"
"10085.270606121","74.67366536458333","74.67366536458333","74.67366536458333","2.5642903645833335","2.5642903645833335","2.5642903645833335"
"10095.26805613","74.67366536458333","74.67366536458333","74.67366536458333","2.5642903645833335","2.5642903645833335","2.5642903645833335"
"10105.266613224","74.67366536458333","74.67366536458333","74.67366536458333","2.5642903645833335","2.5642903645833335","2.5642903645833335"
"10115.27366137","74.67366536458333","74.67366536458333","74.67366536458333","2.5642903645833335","2.5642903645833335","2.5642903645833335"
"10125.267492647","74.67366536458333","74.67366536458333","74.67366536458333","2.5642903645833335","2.5642903645833335","2.5642903645833335"
"10135.26632014","74.67366536458333","74.67366536458333","74.67366536458333","2.5642903645833335","2.5642903645833335","2.5642903645833335"
"10145.275637772","74.67366536458333","74.67366536458333","74.67366536458333","2.5642903645833335","2.5642903645833335","2.5642903645833335"
"10155.274389073","74.67366536458333","74.67366536458333","74.67366536458333","2.5642903645833335","2.5642903645833335","2.5642903645833335"
"10165.271681037","74.67366536458333","74.67366536458333","74.67366536458333","2.5642903645833335","2.5642903645833335","2.5642903645833335"
"10175.266929476","74.67366536458333","74.67366536458333","74.67366536458333","2.5642903645833335","2.5642903645833335","2.5642903645833335"
"10185.27601364","74.67366536458333","74.67366536458333","74.67366536458333","2.5642903645833335","2.5642903645833335","2.5642903645833335"
"10195.273921894","74.67366536458333","74.67366536458333","74.67366536458333","2.5642903645833335","2.5642903645833335","2.5642903645833335"
"10205.266713278","74.67366536458333","74.67366536458333","74.67366536458333","2.5642903645833335","2.5642903645833335","2.5642903645833335"
"10215.267529133","74.67366536458333","74.67366536458333","74.67366536458333","2.5642903645833335","2.5642903645833335","2.5642903645833335"
"10225.267328462","74.67366536458333","74.67366536458333","74.67366536458333","2.5642903645833335","2.5642903645833335","2.5642903645833335"
"10235.27131089","74.67366536458333","74.67366536458333","74.67366536458333","2.5642903645833335","2.5642903645833335","2.5642903645833335"
"10245.273430352","74.67366536458333","74.67366536458333","74.67366536458333","2.5642903645833335","2.5642903645833335","2.5642903645833335"
"10255.267188324","74.67366536458333","74.67366536458333","74.67366536458333","2.5642903645833335","2.5642903645833335","2.5642903645833335"
"10265.270369132","74.67366536458333","74.67366536458333","74.67366536458333","2.5642903645833335","2.5642903645833335","2.5642903645833335"
"10275.270676559","74.67366536458333","74.67366536458333","74.67366536458333","2.5642903645833335","2.5642903645833335","2.5642903645833335"
"10285.268403167","74.67366536458333","74.67366536458333","74.67366536458333","2.5642903645833335","2.5642903645833335","2.5642903645833335"
"10295.265949616","74.67366536458333","74.67366536458333","74.67366536458333","2.5642903645833335","2.5642903645833335","2.5642903645833335"
"10305.268664659","74.67366536458333","74.67366536458333","74.67366536458333","2.5642903645833335","2.5642903645833335","2.5642903645833335"
"10315.276636771","74.67366536458333","74.67366536458333","74.67366536458333","2.5642903645833335","2.5642903645833335","2.5642903645833335"
"10325.265237176","74.67366536458333","74.67366536458333","74.67366536458333","2.5642903645833335","2.5642903645833335","2.5642903645833335"
"10335.266270359","74.67366536458333","74.67366536458333","74.67366536458333","2.5642903645833335","2.5642903645833335","2.5642903645833335"
"10345.266861708","74.67366536458333","74.67366536458333","74.67366536458333","2.5642903645833335","2.5642903645833335","2.5642903645833335"
"10355.267100542","74.67366536458333","74.67366536458333","74.67366536458333","2.5642903645833335","2.5642903645833335","2.5642903645833335"
"10365.275138559","74.67366536458333","74.67366536458333","74.67366536458333","2.5642903645833335","2.5642903645833335","2.5642903645833335"
"10375.268321371","74.67366536458333","74.67366536458333","74.67366536458333","2.5642903645833335","2.5642903645833335","2.5642903645833335"
"10385.272617733","74.67366536458333","74.67366536458333","74.67366536458333","2.5642903645833335","2.5642903645833335","2.5642903645833335"
"10395.269447646","74.67366536458333","74.67366536458333","74.67366536458333","2.5642903645833335","2.5642903645833335","2.5642903645833335"
"10405.268120934","74.67366536458333","74.67366536458333","74.67366536458333","2.5642903645833335","2.5642903645833335","2.5642903645833335"
"10415.266327655","74.67366536458333","74.67366536458333","74.67366536458333","2.5642903645833335","2.5642903645833335","2.5642903645833335"
"10425.268122194","74.67366536458333","74.67366536458333","74.67366536458333","2.5642903645833335","2.5642903645833335","2.5642903645833335"
"10435.265821154","74.67366536458333","74.67366536458333","74.67366536458333","2.5642903645833335","2.5642903645833335","2.5642903645833335"
"10445.268195629","74.67366536458333","74.67366536458333","74.67366536458333","2.5642903645833335","2.5642903645833335","2.5642903645833335"
"10455.268367537","74.67366536458333","74.67366536458333","74.67366536458333","2.5642903645833335","2.5642903645833335","2.5642903645833335"
"10465.273575112","74.67366536458333","74.67366536458333","74.67366536458333","2.5642903645833335","2.5642903645833335","2.5642903645833335"
"10475.270161828","74.67366536458333","74.67366536458333","74.67366536458333","2.5642903645833335","2.5642903645833335","2.5642903645833335"
"10485.268941863","74.67366536458333","74.67366536458333","74.67366536458333","2.5642903645833335","2.5642903645833335","2.5642903645833335"
"10495.270851705","74.67366536458333","74.67366536458333","74.67366536458333","2.5642903645833335","2.5642903645833335","2.5642903645833335"
"10505.267744754","74.67366536458333","74.67366536458333","74.67366536458333","2.5642903645833335","2.5642903645833335","2.5642903645833335"
"10515.266745681","74.67366536458333","74.67366536458333","74.67366536458333","2.5642903645833335","2.5642903645833335","2.5642903645833335"
"10525.27314148","74.67366536458333","74.67366536458333","74.67366536458333","2.5642903645833335","2.5642903645833335","2.5642903645833335"
"10535.272423582","74.67366536458333","74.67366536458333","74.67366536458333","2.5642903645833335","2.5642903645833335","2.5642903645833335"
"10545.277069862","74.67366536458333","74.67366536458333","74.67366536458333","2.5642903645833335","2.5642903645833335","2.5642903645833335"
"10555.266217128","74.67366536458333","74.67366536458333","74.67366536458333","2.5642903645833335","2.5642903645833335","2.5642903645833335"
"10565.267360402","74.67366536458333","74.67366536458333","74.67366536458333","2.5642903645833335","2.5642903645833335","2.5642903645833335"
"10575.269752817","74.67366536458333","74.67366536458333","74.67366536458333","2.5642903645833335","2.5642903645833335","2.5642903645833335"
"10585.26718195","74.67366536458333","74.67366536458333","74.67366536458333","2.5642903645833335","2.5642903645833335","2.5642903645833335"
"10595.271510357","74.67366536458333","74.67366536458333","74.67366536458333","2.5642903645833335","2.5642903645833335","2.5642903645833335"
"10605.270729018","74.67366536458333","74.67366536458333","74.67366536458333","2.5642903645833335","2.5642903645833335","2.5642903645833335"
"10615.268672148","74.67366536458333","74.67366536458333","74.67366536458333","2.5642903645833335","2.5642903645833335","2.5642903645833335"
"10625.269184481","74.67366536458333","74.67366536458333","74.67366536458333","2.5642903645833335","2.5642903645833335","2.5642903645833335"
"10635.2742625","74.67366536458333","74.67366536458333","74.67366536458333","2.5642903645833335","2.5642903645833335","2.5642903645833335"
"10645.268982781","74.67366536458333","74.67366536458333","74.67366536458333","2.5642903645833335","2.5642903645833335","2.5642903645833335"
"10655.267762667","74.67366536458333","74.67366536458333","74.67366536458333","2.5642903645833335","2.5642903645833335","2.5642903645833335"
"10665.266145121","74.67366536458333","74.67366536458333","74.67366536458333","2.5642903645833335","2.5642903645833335","2.5642903645833335"
"10675.269845119","74.67366536458333","74.67366536458333","74.67366536458333","2.5642903645833335","2.5642903645833335","2.5642903645833335"
"10685.267648117","74.67366536458333","74.67366536458333","74.67366536458333","2.5642903645833335","2.5642903645833335","2.5642903645833335"
"10695.265595034","74.67366536458333","74.67366536458333","74.67366536458333","2.5642903645833335","2.5642903645833335","2.5642903645833335"
"10705.267160422","74.67366536458333","74.67366536458333","74.67366536458333","2.5642903645833335","2.5642903645833335","2.5642903645833335"
"10715.277297908","74.67366536458333","74.67366536458333","74.67366536458333","2.5642903645833335","2.5642903645833335","2.5642903645833335"
"10725.269593704","74.67366536458333","74.67366536458333","74.67366536458333","2.5642903645833335","2.5642903645833335","2.5642903645833335"
"10735.265542756","74.67366536458333","74.67366536458333","74.67366536458333","2.5642903645833335","2.5642903645833335","2.5642903645833335"
"10745.275053239","74.67366536458333","74.67366536458333","74.67366536458333","2.5642903645833335","2.5642903645833335","2.5642903645833335"
"10755.266120147","74.67366536458333","74.67366536458333","74.67366536458333","2.5642903645833335","2.5642903645833335","2.5642903645833335"
"10765.266424015","74.67366536458333","74.67366536458333","74.67366536458333","2.5642903645833335","2.5642903645833335","2.5642903645833335"
"10775.269341847","74.67366536458333","74.67366536458333","74.67366536458333","2.5642903645833335","2.5642903645833335","2.5642903645833335"
"10785.26654148","74.67366536458333","74.67366536458333","74.67366536458333","2.5642903645833335","2.5642903645833335","2.5642903645833335"
"10795.267407098","74.67366536458333","74.67366536458333","74.67366536458333","2.5642903645833335","2.5642903645833335","2.5642903645833335"
"10805.268069518","74.67366536458333","74.67366536458333","74.67366536458333","2.5642903645833335","2.5642903645833335","2.5642903645833335"
"10815.275896005","74.67366536458333","74.67366536458333","74.67366536458333","2.5642903645833335","2.5642903645833335","2.5642903645833335"
"10825.27051549","74.67366536458333","74.67366536458333","74.67366536458333","2.5642903645833335","2.5642903645833335","2.5642903645833335"
"10835.267405828","74.67366536458333","74.67366536458333","74.67366536458333","2.5642903645833335","2.5642903645833335","2.5642903645833335"
"10845.268449971","74.67366536458333","74.67366536458333","74.67366536458333","2.5642903645833335","2.5642903645833335","2.5642903645833335"
"10855.266159456","74.67366536458333","74.67366536458333","74.67366536458333","2.5642903645833335","2.5642903645833335","2.5642903645833335"
"10865.267026153","74.67366536458333","74.67366536458333","74.67366536458333","2.5642903645833335","2.5642903645833335","2.5642903645833335"
"10875.269204538","74.67366536458333","74.67366536458333","74.67366536458333","2.5642903645833335","2.5642903645833335","2.5642903645833335"
"10885.267271872","74.67366536458333","74.67366536458333","74.67366536458333","2.5642903645833335","2.5642903645833335","2.5642903645833335"
"10895.268760155","74.67366536458333","74.67366536458333","74.67366536458333","2.5642903645833335","2.5642903645833335","2.5642903645833335"
"10905.266133112","74.67366536458333","74.67366536458333","74.67366536458333","2.5642903645833335","2.5642903645833335","2.5642903645833335"
"10915.266576658","74.67366536458333","74.67366536458333","74.67366536458333","2.5642903645833335","2.5642903645833335","2.5642903645833335"
"10925.273243576","74.67366536458333","74.67366536458333","74.67366536458333","2.5642903645833335","2.5642903645833335","2.5642903645833335"
"10935.276969204","74.67366536458333","74.67366536458333","74.67366536458333","2.5642903645833335","2.5642903645833335","2.5642903645833335"
"10945.269022399","74.67366536458333","74.67366536458333","74.67366536458333","2.5642903645833335","2.5642903645833335","2.5642903645833335"
"10955.265258336","74.67366536458333","74.67366536458333","74.67366536458333","2.5642903645833335","2.5642903645833335","2.5642903645833335"
"10965.267129206","74.67366536458333","74.67366536458333","74.67366536458333","2.5642903645833335","2.5642903645833335","2.5642903645833335"
"10975.265564529","74.67366536458333","74.67366536458333","74.67366536458333","2.5642903645833335","2.5642903645833335","2.5642903645833335"
"10985.270181721","74.67366536458333","74.67366536458333","74.67366536458333","2.5642903645833335","2.5642903645833335","2.5642903645833335"
"10995.267611034","74.67366536458333","74.67366536458333","74.67366536458333","2.5642903645833335","2.5642903645833335","2.5642903645833335"
"11005.271347643","74.67366536458333","74.67366536458333","74.67366536458333","2.5642903645833335","2.5642903645833335","2.5642903645833335"
"11015.265777065","74.67366536458333","74.67366536458333","74.67366536458333","2.5642903645833335","2.5642903645833335","2.5642903645833335"
"11025.267009504","74.67366536458333","74.67366536458333","74.67366536458333","2.5642903645833335","2.5642903645833335","2.5642903645833335"
"11035.268057168","74.67366536458333","74.67366536458333","74.67366536458333","2.5642903645833335","2.5642903645833335","2.5642903645833335"
"11045.271569455","74.67366536458333","74.67366536458333","74.67366536458333","2.5642903645833335","2.5642903645833335","2.5642903645833335"
"11055.266576665","74.67366536458333","74.67366536458333","74.67366536458333","2.5642903645833335","2.5642903645833335","2.5642903645833335"
"11065.266721744","74.67366536458333","74.67366536458333","74.67366536458333","2.5642903645833335","2.5642903645833335","2.5642903645833335"
"11075.265969225","74.67366536458333","74.67366536458333","74.67366536458333","2.5642903645833335","2.5642903645833335","2.5642903645833335"
"11085.268079755","74.67366536458333","74.67366536458333","74.67366536458333","2.5642903645833335","2.5642903645833335","2.5642903645833335"
"11095.267429576","74.67366536458333","74.67366536458333","74.67366536458333","2.5642903645833335","2.5642903645833335","2.5642903645833335"
"11105.269010686","74.67366536458333","74.67366536458333","74.67366536458333","2.5642903645833335","2.5642903645833335","2.5642903645833335"
"11115.265910048","74.67366536458333","74.67366536458333","74.67366536458333","2.5642903645833335","2.5642903645833335","2.5642903645833335"
"11125.268098988","74.67366536458333","74.67366536458333","74.67366536458333","2.5642903645833335","2.5642903645833335","2.5642903645833335"
"11135.265105005","74.67366536458333","74.67366536458333","74.67366536458333","2.5642903645833335","2.5642903645833335","2.5642903645833335"
"11145.281379656","74.67366536458333","74.67366536458333","74.67366536458333","2.5642903645833335","2.5642903645833335","2.5642903645833335"
"11155.267441517","74.67366536458333","74.67366536458333","74.67366536458333","2.5642903645833335","2.5642903645833335","2.5642903645833335"
"11165.267428142","74.67366536458333","74.67366536458333","74.67366536458333","2.5642903645833335","2.5642903645833335","2.5642903645833335"
"11175.268502918","74.67366536458333","74.67366536458333","74.67366536458333","2.5642903645833335","2.5642903645833335","2.5642903645833335"
"11185.265655758","74.67366536458333","74.67366536458333","74.67366536458333","2.5642903645833335","2.5642903645833335","2.5642903645833335"
"11195.267227589","74.67366536458333","74.67366536458333","74.67366536458333","2.5642903645833335","2.5642903645833335","2.5642903645833335"
"11205.270754276","74.67366536458333","74.67366536458333","74.67366536458333","2.5642903645833335","2.5642903645833335","2.5642903645833335"
"11215.270189063","74.67366536458333","74.67366536458333","74.67366536458333","2.5642903645833335","2.5642903645833335","2.5642903645833335"
"11225.266849414","74.67366536458333","74.67366536458333","74.67366536458333","2.5642903645833335","2.5642903645833335","2.5642903645833335"
"11235.269388101","74.67366536458333","74.67366536458333","74.67366536458333","2.5642903645833335","2.5642903645833335","2.5642903645833335"
"11245.269857195","74.67366536458333","74.67366536458333","74.67366536458333","2.5642903645833335","2.5642903645833335","2.5642903645833335"
"11255.266106521","74.67366536458333","74.67366536458333","74.67366536458333","2.5642903645833335","2.5642903645833335","2.5642903645833335"
"11265.269849527","74.67366536458333","74.67366536458333","74.67366536458333","2.5642903645833335","2.5642903645833335","2.5642903645833335"
"11275.265838888","74.67366536458333","74.67366536458333","74.67366536458333","2.5642903645833335","2.5642903645833335","2.5642903645833335"
"11285.279343117","74.67366536458333","74.67366536458333","74.67366536458333","2.5642903645833335","2.5642903645833335","2.5642903645833335"
"11295.266258346","74.67366536458333","74.67366536458333","74.67366536458333","2.5642903645833335","2.5642903645833335","2.5642903645833335"
"11305.274984812","74.67366536458333","74.67366536458333","74.67366536458333","2.5642903645833335","2.5642903645833335","2.5642903645833335"
"11315.269899843","74.67366536458333","74.67366536458333","74.67366536458333","2.5642903645833335","2.5642903645833335","2.5642903645833335"
"11325.266134502","74.67366536458333","74.67366536458333","74.67366536458333","2.5642903645833335","2.5642903645833335","2.5642903645833335"
"11335.269309369","74.67366536458333","74.67366536458333","74.67366536458333","2.5642903645833335","2.5642903645833335","2.5642903645833335"
"11345.268794346","74.67366536458333","74.67366536458333","74.67366536458333","2.5642903645833335","2.5642903645833335","2.5642903645833335"
"11355.268207606","74.67366536458333","74.67366536458333","74.67366536458333","2.5642903645833335","2.5642903645833335","2.5642903645833335"
"11365.276864589","74.67366536458333","74.67366536458333","74.67366536458333","2.5642903645833335","2.5642903645833335","2.5642903645833335"
"11375.267108886","74.67366536458333","74.67366536458333","74.67366536458333","2.5642903645833335","2.5642903645833335","2.5642903645833335"
"11385.26631145","74.67366536458333","74.67366536458333","74.67366536458333","2.5642903645833335","2.5642903645833335","2.5642903645833335"
"11395.265792404","74.67366536458333","74.67366536458333","74.67366536458333","2.5642903645833335","2.5642903645833335","2.5642903645833335"
"11405.26562448","74.67366536458333","74.67366536458333","74.67366536458333","2.5642903645833335","2.5642903645833335","2.5642903645833335"
"11415.269370685","74.67366536458333","74.67366536458333","74.67366536458333","2.5642903645833335","2.5642903645833335","2.5642903645833335"
"11425.266978692","74.67366536458333","74.67366536458333","74.67366536458333","2.5642903645833335","2.5642903645833335","2.5642903645833335"
"11435.268469647","74.67366536458333","74.67366536458333","74.67366536458333","2.5642903645833335","2.5642903645833335","2.5642903645833335"
"11445.269196826","74.67366536458333","74.67366536458333","74.67366536458333","2.5642903645833335","2.5642903645833335","2.5642903645833335"
"11455.26861219","74.67366536458333","74.67366536458333","74.67366536458333","2.5642903645833335","2.5642903645833335","2.5642903645833335"
"11465.269520704","74.67366536458333","74.67366536458333","74.67366536458333","2.5642903645833335","2.5642903645833335","2.5642903645833335"
"11475.271248197","74.67366536458333","74.67366536458333","74.67366536458333","2.5642903645833335","2.5642903645833335","2.5642903645833335"
"11485.271791869","74.67366536458333","74.67366536458333","74.67366536458333","2.5642903645833335","2.5642903645833335","2.5642903645833335"
"11495.270200963","74.67366536458333","74.67366536458333","74.67366536458333","2.5642903645833335","2.5642903645833335","2.5642903645833335"
"11505.275170661","74.67366536458333","74.67366536458333","74.67366536458333","2.5642903645833335","2.5642903645833335","2.5642903645833335"
"11515.275757952","74.67366536458333","74.67366536458333","74.67366536458333","2.5642903645833335","2.5642903645833335","2.5642903645833335"
"11525.27374778","74.67366536458333","74.67366536458333","74.67366536458333","2.5642903645833335","2.5642903645833335","2.5642903645833335"
"11535.271108855","74.67366536458333","74.67366536458333","74.67366536458333","2.5642903645833335","2.5642903645833335","2.5642903645833335"
"11545.275835937","74.67366536458333","74.67366536458333","74.67366536458333","2.5642903645833335","2.5642903645833335","2.5642903645833335"
"11555.272683491","74.67366536458333","74.67366536458333","74.67366536458333","2.5642903645833335","2.5642903645833335","2.5642903645833335"
"11565.275117109","74.67366536458333","74.67366536458333","74.67366536458333","2.5642903645833335","2.5642903645833335","2.5642903645833335"
"11575.265494234","74.67366536458333","74.67366536458333","74.67366536458333","2.5642903645833335","2.5642903645833335","2.5642903645833335"
"11585.265688503","74.67366536458333","74.67366536458333","74.67366536458333","2.5642903645833335","2.5642903645833335","2.5642903645833335"
"11595.275947864","74.67366536458333","74.67366536458333","74.67366536458333","2.5642903645833335","2.5642903645833335","2.5642903645833335"
"11605.276168739","74.67366536458333","74.67366536458333","74.67366536458333","2.5642903645833335","2.5642903645833335","2.5642903645833335"
"11615.266974412","74.67366536458333","74.67366536458333","74.67366536458333","2.5642903645833335","2.5642903645833335","2.5642903645833335"
"11625.269454221","74.67366536458333","74.67366536458333","74.67366536458333","2.5642903645833335","2.5642903645833335","2.5642903645833335"
"11635.267408474","74.67366536458333","74.67366536458333","74.67366536458333","2.5642903645833335","2.5642903645833335","2.5642903645833335"
"11645.271363075","74.67366536458333","74.67366536458333","74.67366536458333","2.5642903645833335","2.5642903645833335","2.5642903645833335"
"11655.271374483","74.67366536458333","74.67366536458333","74.67366536458333","2.5642903645833335","2.5642903645833335","2.5642903645833335"
"11665.265630965","74.67366536458333","74.67366536458333","74.67366536458333","2.5642903645833335","2.5642903645833335","2.5642903645833335"
"11675.274043697","74.67366536458333","74.67366536458333","74.67366536458333","2.5642903645833335","2.5642903645833335","2.5642903645833335"
"11685.269174239","74.67366536458333","74.67366536458333","74.67366536458333","2.5642903645833335","2.5642903645833335","2.5642903645833335"
"11695.2754325","74.67366536458333","74.67366536458333","74.67366536458333","2.5642903645833335","2.5642903645833335","2.5642903645833335"
"11705.270687622","74.67366536458333","74.67366536458333","74.67366536458333","2.5642903645833335","2.5642903645833335","2.5642903645833335"
"11715.268272857","74.67366536458333","74.67366536458333","74.67366536458333","2.5642903645833335","2.5642903645833335","2.5642903645833335"
"11725.266327501","74.67366536458333","74.67366536458333","74.67366536458333","2.5642903645833335","2.5642903645833335","2.5642903645833335"
"11735.267466078","74.67366536458333","74.67366536458333","74.67366536458333","2.5642903645833335","2.5642903645833335","2.5642903645833335"
"11745.266788337","74.67366536458333","74.67366536458333","74.67366536458333","2.5642903645833335","2.5642903645833335","2.5642903645833335"
"11755.269390328","74.67366536458333","74.67366536458333","74.67366536458333","2.5642903645833335","2.5642903645833335","2.5642903645833335"
"11765.268177158","74.67366536458333","74.67366536458333","74.67366536458333","2.5642903645833335","2.5642903645833335","2.5642903645833335"
"11775.268597701","74.67366536458333","74.67366536458333","74.67366536458333","2.5642903645833335","2.5642903645833335","2.5642903645833335"
"11785.269040545","74.67366536458333","74.67366536458333","74.67366536458333","2.5642903645833335","2.5642903645833335","2.5642903645833335"
"11795.265701444","74.67366536458333","74.67366536458333","74.67366536458333","2.5642903645833335","2.5642903645833335","2.5642903645833335"
"11805.267634503","74.67366536458333","74.67366536458333","74.67366536458333","2.5642903645833335","2.5642903645833335","2.5642903645833335"
"11815.267393265","74.67366536458333","74.67366536458333","74.67366536458333","2.5642903645833335","2.5642903645833335","2.5642903645833335"
"11825.265837074","74.67366536458333","74.67366536458333","74.67366536458333","2.5642903645833335","2.5642903645833335","2.5642903645833335"
"11835.266121312","74.67366536458333","74.67366536458333","74.67366536458333","2.5642903645833335","2.5642903645833335","2.5642903645833335"
"11845.27008683","74.67366536458333","74.67366536458333","74.67366536458333","2.5642903645833335","2.5642903645833335","2.5642903645833335"
"11855.267172017","74.67366536458333","74.67366536458333","74.67366536458333","2.5642903645833335","2.5642903645833335","2.5642903645833335"
"11865.269616657","74.67366536458333","74.67366536458333","74.67366536458333","2.5642903645833335","2.5642903645833335","2.5642903645833335"
"11875.267773727","74.67366536458333","74.67366536458333","74.67366536458333","2.5642903645833335","2.5642903645833335","2.5642903645833335"
"11885.274528276","74.67366536458333","74.67366536458333","74.67366536458333","2.5642903645833335","2.5642903645833335","2.5642903645833335"
"11895.273283695","74.67366536458333","74.67366536458333","74.67366536458333","2.5642903645833335","2.5642903645833335","2.5642903645833335"
"11905.267725231","74.67366536458333","74.67366536458333","74.67366536458333","2.5642903645833335","2.5642903645833335","2.5642903645833335"
"11915.271377549","74.67366536458333","74.67366536458333","74.67366536458333","2.5642903645833335","2.5642903645833335","2.5642903645833335"
"11925.273590003","74.67366536458333","74.67366536458333","74.67366536458333","2.5642903645833335","2.5642903645833335","2.5642903645833335"
"11935.271757615","74.67366536458333","74.67366536458333","74.67366536458333","2.5642903645833335","2.5642903645833335","2.5642903645833335"
"11945.267005046","74.67366536458333","74.67366536458333","74.67366536458333","2.5642903645833335","2.5642903645833335","2.5642903645833335"
"11955.268064745","74.67366536458333","74.67366536458333","74.67366536458333","2.5642903645833335","2.5642903645833335","2.5642903645833335"
"11965.275713815","74.67366536458333","74.67366536458333","74.67366536458333","2.5642903645833335","2.5642903645833335","2.5642903645833335"
"11975.270746359","74.67366536458333","74.67366536458333","74.67366536458333","2.5642903645833335","2.5642903645833335","2.5642903645833335"
"11985.266436403","74.67366536458333","74.67366536458333","74.67366536458333","2.5642903645833335","2.5642903645833335","2.5642903645833335"
"11995.275325648","74.67366536458333","74.67366536458333","74.67366536458333","2.5642903645833335","2.5642903645833335","2.5642903645833335"
"12005.266862467","74.67366536458333","74.67366536458333","74.67366536458333","2.5642903645833335","2.5642903645833335","2.5642903645833335"
"12015.267884114","74.67366536458333","74.67366536458333","74.67366536458333","2.5642903645833335","2.5642903645833335","2.5642903645833335"
"12025.27071965","74.67366536458333","74.67366536458333","74.67366536458333","2.5642903645833335","2.5642903645833335","2.5642903645833335"
"12035.265251765","74.67366536458333","74.67366536458333","74.67366536458333","2.5642903645833335","2.5642903645833335","2.5642903645833335"
"12045.269853346","74.67366536458333","74.67366536458333","74.67366536458333","2.5642903645833335","2.5642903645833335","2.5642903645833335"
"12055.267491079","74.67366536458333","74.67366536458333","74.67366536458333","2.5642903645833335","2.5642903645833335","2.5642903645833335"
"12065.267327754","74.67366536458333","74.67366536458333","74.67366536458333","2.5642903645833335","2.5642903645833335","2.5642903645833335"
"12075.274363218","74.67366536458333","74.67366536458333","74.67366536458333","2.5642903645833335","2.5642903645833335","2.5642903645833335"
"12085.268323544","74.67366536458333","74.67366536458333","74.67366536458333","2.5642903645833335","2.5642903645833335","2.5642903645833335"
"12095.271937996","74.67366536458333","74.67366536458333","74.67366536458333","2.5642903645833335","2.5642903645833335","2.5642903645833335"
"12105.271363841","74.67366536458333","74.67366536458333","74.67366536458333","2.5642903645833335","2.5642903645833335","2.5642903645833335"
"12115.267397436","74.67366536458333","74.67366536458333","74.67366536458333","2.5642903645833335","2.5642903645833335","2.5642903645833335"
"12125.274496153","74.67366536458333","74.67366536458333","74.67366536458333","2.5642903645833335","2.5642903645833335","2.5642903645833335"
"12135.267907072","74.67366536458333","74.67366536458333","74.67366536458333","2.5642903645833335","2.5642903645833335","2.5642903645833335"
"12145.267700611","74.67366536458333","74.67366536458333","74.67366536458333","2.5642903645833335","2.5642903645833335","2.5642903645833335"
"12155.266227418","74.67366536458333","74.67366536458333","74.67366536458333","2.5642903645833335","2.5642903645833335","2.5642903645833335"
"12165.266290599","74.67366536458333","74.67366536458333","74.67366536458333","2.5642903645833335","2.5642903645833335","2.5642903645833335"
"12175.265630587","74.67366536458333","74.67366536458333","74.67366536458333","2.5642903645833335","2.5642903645833335","2.5642903645833335"
"12185.266845295","74.67366536458333","74.67366536458333","74.67366536458333","2.5642903645833335","2.5642903645833335","2.5642903645833335"
"12195.274661728","74.67366536458333","74.67366536458333","74.67366536458333","2.5642903645833335","2.5642903645833335","2.5642903645833335"
"12205.271740414","74.67366536458333","74.67366536458333","74.67366536458333","2.5642903645833335","2.5642903645833335","2.5642903645833335"
"12215.271000064","74.67366536458333","74.67366536458333","74.67366536458333","2.5642903645833335","2.5642903645833335","2.5642903645833335"
"12225.276562369","74.67366536458333","74.67366536458333","74.67366536458333","2.5642903645833335","2.5642903645833335","2.5642903645833335"
"12235.265264339","74.67366536458333","74.67366536458333","74.67366536458333","2.5642903645833335","2.5642903645833335","2.5642903645833335"
"12245.266400752","74.67366536458333","74.67366536458333","74.67366536458333","2.5642903645833335","2.5642903645833335","2.5642903645833335"
"12255.269627388","74.67366536458333","74.67366536458333","74.67366536458333","2.5642903645833335","2.5642903645833335","2.5642903645833335"
"12265.272898991","74.67366536458333","74.67366536458333","74.67366536458333","2.5642903645833335","2.5642903645833335","2.5642903645833335"
"12275.272731171","74.67366536458333","74.67366536458333","74.67366536458333","2.5642903645833335","2.5642903645833335","2.5642903645833335"
"12285.272573181","74.67366536458333","74.67366536458333","74.67366536458333","2.5642903645833335","2.5642903645833335","2.5642903645833335"
"12295.266767254","74.67366536458333","74.67366536458333","74.67366536458333","2.5642903645833335","2.5642903645833335","2.5642903645833335"
"12305.267928064","74.67366536458333","74.67366536458333","74.67366536458333","2.5642903645833335","2.5642903645833335","2.5642903645833335"
"12315.266969221","74.67366536458333","74.67366536458333","74.67366536458333","2.5642903645833335","2.5642903645833335","2.5642903645833335"
"12325.268725579","74.67366536458333","74.67366536458333","74.67366536458333","2.5642903645833335","2.5642903645833335","2.5642903645833335"
"12335.268846955","74.67366536458333","74.67366536458333","74.67366536458333","2.5642903645833335","2.5642903645833335","2.5642903645833335"
"12345.265592148","74.67366536458333","74.67366536458333","74.67366536458333","2.5642903645833335","2.5642903645833335","2.5642903645833335"
"12355.269216502","74.67366536458333","74.67366536458333","74.67366536458333","2.5642903645833335","2.5642903645833335","2.5642903645833335"
"12365.272045079","74.67366536458333","74.67366536458333","74.67366536458333","2.5642903645833335","2.5642903645833335","2.5642903645833335"
"12375.269285387","74.67366536458333","74.67366536458333","74.67366536458333","2.5642903645833335","2.5642903645833335","2.5642903645833335"
"12385.272099657","74.67366536458333","74.67366536458333","74.67366536458333","2.5642903645833335","2.5642903645833335","2.5642903645833335"
"12395.280495319","74.67366536458333","74.67366536458333","74.67366536458333","2.5642903645833335","2.5642903645833335","2.5642903645833335"
"12405.267933802","74.67366536458333","74.67366536458333","74.67366536458333","2.5642903645833335","2.5642903645833335","2.5642903645833335"
"12415.267278289","74.67366536458333","74.67366536458333","74.67366536458333","2.5642903645833335","2.5642903645833335","2.5642903645833335"
"12425.266731581","74.67366536458333","74.67366536458333","74.67366536458333","2.5642903645833335","2.5642903645833335","2.5642903645833335"
"12435.279259321","74.67366536458333","74.67366536458333","74.67366536458333","2.5642903645833335","2.5642903645833335","2.5642903645833335"
"12445.272354694","74.67366536458333","74.67366536458333","74.67366536458333","2.5642903645833335","2.5642903645833335","2.5642903645833335"
"12455.265696145","74.67366536458333","74.67366536458333","74.67366536458333","2.5642903645833335","2.5642903645833335","2.5642903645833335"
"12465.274214987","74.67366536458333","74.67366536458333","74.67366536458333","2.5642903645833335","2.5642903645833335","2.5642903645833335"
"12475.268474355","74.67366536458333","74.67366536458333","74.67366536458333","2.5642903645833335","2.5642903645833335","2.5642903645833335"
"12485.26626747","74.67366536458333","74.67366536458333","74.67366536458333","2.5642903645833335","2.5642903645833335","2.5642903645833335"
"12495.266951018","74.67366536458333","74.67366536458333","74.67366536458333","2.5642903645833335","2.5642903645833335","2.5642903645833335"
"12505.268865841","74.67366536458333","74.67366536458333","74.67366536458333","2.5642903645833335","2.5642903645833335","2.5642903645833335"
"12515.265760342","74.67366536458333","74.67366536458333","74.67366536458333","2.5642903645833335","2.5642903645833335","2.5642903645833335"
"12525.26939346","74.67366536458333","74.67366536458333","74.67366536458333","2.5642903645833335","2.5642903645833335","2.5642903645833335"
"12535.276647872","74.67366536458333","74.67366536458333","74.67366536458333","2.5642903645833335","2.5642903645833335","2.5642903645833335"
"12545.267361241","74.67366536458333","74.67366536458333","74.67366536458333","2.5642903645833335","2.5642903645833335","2.5642903645833335"
"12555.266749886","74.67366536458333","74.67366536458333","74.67366536458333","2.5642903645833335","2.5642903645833335","2.5642903645833335"
"12565.276502009","74.67366536458333","74.67366536458333","74.67366536458333","2.5642903645833335","2.5642903645833335","2.5642903645833335"
"12575.266539019","74.67366536458333","74.67366536458333","74.67366536458333","2.5642903645833335","2.5642903645833335","2.5642903645833335"
"12585.269629984","74.67366536458333","74.67366536458333","74.67366536458333","2.5642903645833335","2.5642903645833335","2.5642903645833335"
"12595.27073349","74.67366536458333","74.67366536458333","74.67366536458333","2.5642903645833335","2.5642903645833335","2.5642903645833335"
"12605.274351484","74.67366536458333","74.67366536458333","74.67366536458333","2.5642903645833335","2.5642903645833335","2.5642903645833335"
"12615.268866744","74.67366536458333","74.67366536458333","74.67366536458333","2.5642903645833335","2.5642903645833335","2.5642903645833335"
"12625.265510852","74.67366536458333","74.67366536458333","74.67366536458333","2.5642903645833335","2.5642903645833335","2.5642903645833335"
"12635.266951617","74.67366536458333","74.67366536458333","74.67366536458333","2.5642903645833335","2.5642903645833335","2.5642903645833335"
"12645.269524736","74.67366536458333","74.67366536458333","74.67366536458333","2.5642903645833335","2.5642903645833335","2.5642903645833335"
"12655.266093784","74.67366536458333","74.67366536458333","74.67366536458333","2.5642903645833335","2.5642903645833335","2.5642903645833335"
"12665.267245065","74.67366536458333","74.67366536458333","74.67366536458333","2.5642903645833335","2.5642903645833335","2.5642903645833335"
"12675.273632815","74.67366536458333","74.67366536458333","74.67366536458333","2.5642903645833335","2.5642903645833335","2.5642903645833335"
"12685.266992428","74.67366536458333","74.67366536458333","74.67366536458333","2.5642903645833335","2.5642903645833335","2.5642903645833335"
"12695.26689422","74.67366536458333","74.67366536458333","74.67366536458333","2.5642903645833335","2.5642903645833335","2.5642903645833335"
"12705.268311872","74.67366536458333","74.67366536458333","74.67366536458333","2.5642903645833335","2.5642903645833335","2.5642903645833335"
"12715.265901968","74.67366536458333","74.67366536458333","74.67366536458333","2.5642903645833335","2.5642903645833335","2.5642903645833335"
"12725.265735418","74.67366536458333","74.67366536458333","74.67366536458333","2.5642903645833335","2.5642903645833335","2.5642903645833335"
"12735.268173582","74.67366536458333","74.67366536458333","74.67366536458333","2.5642903645833335","2.5642903645833335","2.5642903645833335"
"12745.265150377","74.67366536458333","74.67366536458333","74.67366536458333","2.5642903645833335","2.5642903645833335","2.5642903645833335"
"12755.265354609","74.67366536458333","74.67366536458333","74.67366536458333","2.5642903645833335","2.5642903645833335","2.5642903645833335"
"12765.266105652","74.67366536458333","74.67366536458333","74.67366536458333","2.5642903645833335","2.5642903645833335","2.5642903645833335"
"12775.271698672","74.67366536458333","74.67366536458333","74.67366536458333","2.5642903645833335","2.5642903645833335","2.5642903645833335"
"12785.265342144","74.67366536458333","74.67366536458333","74.67366536458333","2.5642903645833335","2.5642903645833335","2.5642903645833335"
"12795.270426017","74.67366536458333","74.67366536458333","74.67366536458333","2.5642903645833335","2.5642903645833335","2.5642903645833335"
"12805.269276446","74.67366536458333","74.67366536458333","74.67366536458333","2.5642903645833335","2.5642903645833335","2.5642903645833335"
"12815.267384355","74.67366536458333","74.67366536458333","74.67366536458333","2.5642903645833335","2.5642903645833335","2.5642903645833335"
"12825.269622485","74.67366536458333","74.67366536458333","74.67366536458333","2.5642903645833335","2.5642903645833335","2.5642903645833335"
"12835.276390595","74.67366536458333","74.67366536458333","74.67366536458333","2.5642903645833335","2.5642903645833335","2.5642903645833335"
"12845.269732581","74.67366536458333","74.67366536458333","74.67366536458333","2.5642903645833335","2.5642903645833335","2.5642903645833335"
"12855.269584015","74.67366536458333","74.67366536458333","74.67366536458333","2.5642903645833335","2.5642903645833335","2.5642903645833335"
"12865.269063744","74.67366536458333","74.67366536458333","74.67366536458333","2.5642903645833335","2.5642903645833335","2.5642903645833335"
"12875.268205567","74.67366536458333","74.67366536458333","74.67366536458333","2.5642903645833335","2.5642903645833335","2.5642903645833335"
"12885.266551482","74.67366536458333","74.67366536458333","74.67366536458333","2.5642903645833335","2.5642903645833335","2.5642903645833335"
"12895.268356317","74.67366536458333","74.67366536458333","74.67366536458333","2.5642903645833335","2.5642903645833335","2.5642903645833335"
"12905.267753647","74.67366536458333","74.67366536458333","74.67366536458333","2.5642903645833335","2.5642903645833335","2.5642903645833335"
"12915.276278731","74.67366536458333","74.67366536458333","74.67366536458333","2.5642903645833335","2.5642903645833335","2.5642903645833335"
"12925.266310371","74.67366536458333","74.67366536458333","74.67366536458333","2.5642903645833335","2.5642903645833335","2.5642903645833335"
"12935.269160322","74.67366536458333","74.67366536458333","74.67366536458333","2.5642903645833335","2.5642903645833335","2.5642903645833335"
"12945.272159906","74.67366536458333","74.67366536458333","74.67366536458333","2.5642903645833335","2.5642903645833335","2.5642903645833335"
"12955.275733197","74.67366536458333","74.67366536458333","74.67366536458333","2.5642903645833335","2.5642903645833335","2.5642903645833335"
"12965.270380553","74.67366536458333","74.67366536458333","74.67366536458333","2.5642903645833335","2.5642903645833335","2.5642903645833335"
"12975.271294877","74.67366536458333","74.67366536458333","74.67366536458333","2.5642903645833335","2.5642903645833335","2.5642903645833335"
"12985.267631093","74.67366536458333","74.67366536458333","74.67366536458333","2.5642903645833335","2.5642903645833335","2.5642903645833335"
"12995.26563779","74.67366536458333","74.67366536458333","74.67366536458333","2.5642903645833335","2.5642903645833335","2.5642903645833335"
"13005.266320517","74.67366536458333","74.67366536458333","74.67366536458333","2.5642903645833335","2.5642903645833335","2.5642903645833335"
"13015.267496005","74.67366536458333","74.67366536458333","74.67366536458333","2.5642903645833335","2.5642903645833335","2.5642903645833335"
"13025.275591635","74.67366536458333","74.67366536458333","74.67366536458333","2.5642903645833335","2.5642903645833335","2.5642903645833335"
"13035.268013426","74.67366536458333","74.67366536458333","74.67366536458333","2.5642903645833335","2.5642903645833335","2.5642903645833335"
"13045.2736964","74.67366536458333","74.67366536458333","74.67366536458333","2.5642903645833335","2.5642903645833335","2.5642903645833335"
"13055.267475757","74.67366536458333","74.67366536458333","74.67366536458333","2.5642903645833335","2.5642903645833335","2.5642903645833335"
"13065.266218994","74.67366536458333","74.67366536458333","74.67366536458333","2.5642903645833335","2.5642903645833335","2.5642903645833335"
"13075.269669946","74.67366536458333","74.67366536458333","74.67366536458333","2.5642903645833335","2.5642903645833335","2.5642903645833335"
"13085.268362479","74.67366536458333","74.67366536458333","74.67366536458333","2.5642903645833335","2.5642903645833335","2.5642903645833335"
"13095.266070308","74.67366536458333","74.67366536458333","74.67366536458333","2.5642903645833335","2.5642903645833335","2.5642903645833335"
"13105.269353336","74.67366536458333","74.67366536458333","74.67366536458333","2.5642903645833335","2.5642903645833335","2.5642903645833335"
"13115.277540591","74.67366536458333","74.67366536458333","74.67366536458333","2.5642903645833335","2.5642903645833335","2.5642903645833335"
"13125.277641284","74.67366536458333","74.67366536458333","74.67366536458333","2.5642903645833335","2.5642903645833335","2.5642903645833335"
"13135.267784994","74.67366536458333","74.67366536458333","74.67366536458333","2.5642903645833335","2.5642903645833335","2.5642903645833335"
"13145.276122155","74.67366536458333","74.67366536458333","74.67366536458333","2.5642903645833335","2.5642903645833335","2.5642903645833335"
"13155.27359626","74.67366536458333","74.67366536458333","74.67366536458333","2.5642903645833335","2.5642903645833335","2.5642903645833335"
"13165.26846478","74.67366536458333","74.67366536458333","74.67366536458333","2.5642903645833335","2.5642903645833335","2.5642903645833335"
"13175.268964853","74.67366536458333","74.67366536458333","74.67366536458333","2.5642903645833335","2.5642903645833335","2.5642903645833335"
"13185.277128387","74.67366536458333","74.67366536458333","74.67366536458333","2.5642903645833335","2.5642903645833335","2.5642903645833335"
"13195.267379563","74.67366536458333","74.67366536458333","74.67366536458333","2.5642903645833335","2.5642903645833335","2.5642903645833335"
"13205.265400955","74.67366536458333","74.67366536458333","74.67366536458333","2.5642903645833335","2.5642903645833335","2.5642903645833335"
"13215.26740156","74.67366536458333","74.67366536458333","74.67366536458333","2.5642903645833335","2.5642903645833335","2.5642903645833335"
"13225.267285194","74.67366536458333","74.67366536458333","74.67366536458333","2.5642903645833335","2.5642903645833335","2.5642903645833335"
"13235.268127691","74.67366536458333","74.67366536458333","74.67366536458333","2.5642903645833335","2.5642903645833335","2.5642903645833335"
"13245.266620334","74.67366536458333","74.67366536458333","74.67366536458333","2.5642903645833335","2.5642903645833335","2.5642903645833335"
"13255.272848807","74.67366536458333","74.67366536458333","74.67366536458333","2.5642903645833335","2.5642903645833335","2.5642903645833335"
"13265.26826921","74.67366536458333","74.67366536458333","74.67366536458333","2.5642903645833335","2.5642903645833335","2.5642903645833335"
"13275.280801906","74.67366536458333","74.67366536458333","74.67366536458333","2.5642903645833335","2.5642903645833335","2.5642903645833335"
"13285.268534915","74.67366536458333","74.67366536458333","74.67366536458333","2.5642903645833335","2.5642903645833335","2.5642903645833335"
"13295.269740741","74.67366536458333","74.67366536458333","74.67366536458333","2.5642903645833335","2.5642903645833335","2.5642903645833335"
"13305.269088486","74.67366536458333","74.67366536458333","74.67366536458333","2.5642903645833335","2.5642903645833335","2.5642903645833335"
"13315.267522259","74.67366536458333","74.67366536458333","74.67366536458333","2.5642903645833335","2.5642903645833335","2.5642903645833335"
"13325.267215017","74.67366536458333","74.67366536458333","74.67366536458333","2.5642903645833335","2.5642903645833335","2.5642903645833335"
"13335.268073319","74.67366536458333","74.67366536458333","74.67366536458333","2.5642903645833335","2.5642903645833335","2.5642903645833335"
"13345.26564311","74.67366536458333","74.67366536458333","74.67366536458333","2.5642903645833335","2.5642903645833335","2.5642903645833335"
"13355.272553054","74.67366536458333","74.67366536458333","74.67366536458333","2.5642903645833335","2.5642903645833335","2.5642903645833335"
"13365.266792107","74.67366536458333","74.67366536458333","74.67366536458333","2.5642903645833335","2.5642903645833335","2.5642903645833335"
"13375.273049343","74.67366536458333","74.67366536458333","74.67366536458333","2.5642903645833335","2.5642903645833335","2.5642903645833335"
"13385.267999428","74.67366536458333","74.67366536458333","74.67366536458333","2.5642903645833335","2.5642903645833335","2.5642903645833335"
"13395.267425644","74.67366536458333","74.67366536458333","74.67366536458333","2.5642903645833335","2.5642903645833335","2.5642903645833335"
"13405.267124142","74.67366536458333","74.67366536458333","74.67366536458333","2.5642903645833335","2.5642903645833335","2.5642903645833335"
"13415.265516166","74.67366536458333","74.67366536458333","74.67366536458333","2.5642903645833335","2.5642903645833335","2.5642903645833335"
"13425.271498278","74.67366536458333","74.67366536458333","74.67366536458333","2.5642903645833335","2.5642903645833335","2.5642903645833335"
"13435.273240948","74.67366536458333","74.67366536458333","74.67366536458333","2.5642903645833335","2.5642903645833335","2.5642903645833335"
"13445.276299375","74.67366536458333","74.67366536458333","74.67366536458333","2.5642903645833335","2.5642903645833335","2.5642903645833335"
"13455.270926914","74.67366536458333","74.67366536458333","74.67366536458333","2.5642903645833335","2.5642903645833335","2.5642903645833335"
"13465.269596076","74.67366536458333","74.67366536458333","74.67366536458333","2.5642903645833335","2.5642903645833335","2.5642903645833335"
"13475.277436541","74.67366536458333","74.67366536458333","74.67366536458333","2.5642903645833335","2.5642903645833335","2.5642903645833335"
"13485.269702326","74.67366536458333","74.67366536458333","74.67366536458333","2.5642903645833335","2.5642903645833335","2.5642903645833335"
"13495.26575536","74.67366536458333","74.67366536458333","74.67366536458333","2.5642903645833335","2.5642903645833335","2.5642903645833335"
"13505.26765581","74.67366536458333","74.67366536458333","74.67366536458333","2.5642903645833335","2.5642903645833335","2.5642903645833335"
"13515.276295325","74.67366536458333","74.67366536458333","74.67366536458333","2.5642903645833335","2.5642903645833335","2.5642903645833335"
"13525.276022136","74.67366536458333","74.67366536458333","74.67366536458333","2.5642903645833335","2.5642903645833335","2.5642903645833335"
"13535.27627935","74.67366536458333","74.67366536458333","74.67366536458333","2.5642903645833335","2.5642903645833335","2.5642903645833335"
"13545.267688516","74.67366536458333","74.67366536458333","74.67366536458333","2.5642903645833335","2.5642903645833335","2.5642903645833335"
"13555.266298328","74.67366536458333","74.67366536458333","74.67366536458333","2.5642903645833335","2.5642903645833335","2.5642903645833335"
"13565.276373667","74.67366536458333","74.67366536458333","74.67366536458333","2.5642903645833335","2.5642903645833335","2.5642903645833335"
"13575.266317798","74.67366536458333","74.67366536458333","74.67366536458333","2.5642903645833335","2.5642903645833335","2.5642903645833335"
"13585.265857983","74.67366536458333","74.67366536458333","74.67366536458333","2.5642903645833335","2.5642903645833335","2.5642903645833335"
"13595.271291391","74.67366536458333","74.67366536458333","74.67366536458333","2.5642903645833335","2.5642903645833335","2.5642903645833335"
"13605.269277043","74.67366536458333","74.67366536458333","74.67366536458333","2.5642903645833335","2.5642903645833335","2.5642903645833335"
"13615.270262396","74.67366536458333","74.67366536458333","74.67366536458333","2.5642903645833335","2.5642903645833335","2.5642903645833335"
"13625.273849432","74.67366536458333","74.67366536458333","74.67366536458333","2.5642903645833335","2.5642903645833335","2.5642903645833335"
"13635.267313588","74.67366536458333","74.67366536458333","74.67366536458333","2.5642903645833335","2.5642903645833335","2.5642903645833335"
"13645.266825115","74.67366536458333","74.67366536458333","74.67366536458333","2.5642903645833335","2.5642903645833335","2.5642903645833335"
"13655.265170602","74.67366536458333","74.67366536458333","74.67366536458333","2.5642903645833335","2.5642903645833335","2.5642903645833335"
"13665.266173332","74.67366536458333","74.67366536458333","74.67366536458333","2.5642903645833335","2.5642903645833335","2.5642903645833335"
"13675.267185317","74.67366536458333","74.67366536458333","74.67366536458333","2.5642903645833335","2.5642903645833335","2.5642903645833335"
"13685.266664427","74.67366536458333","74.67366536458333","74.67366536458333","2.5642903645833335","2.5642903645833335","2.5642903645833335"
"13695.269700089","74.67366536458333","74.67366536458333","74.67366536458333","2.5642903645833335","2.5642903645833335","2.5642903645833335"
"13705.272052584","74.67366536458333","74.67366536458333","74.67366536458333","2.5642903645833335","2.5642903645833335","2.5642903645833335"
"13715.266624303","74.67366536458333","74.67366536458333","74.67366536458333","2.5642903645833335","2.5642903645833335","2.5642903645833335"
"13725.266326191","74.67366536458333","74.67366536458333","74.67366536458333","2.5642903645833335","2.5642903645833335","2.5642903645833335"
"13735.268025369","74.67366536458333","74.67366536458333","74.67366536458333","2.5642903645833335","2.5642903645833335","2.5642903645833335"
"13745.27085077","74.67366536458333","74.67366536458333","74.67366536458333","2.5642903645833335","2.5642903645833335","2.5642903645833335"
"13755.271365516","74.67366536458333","74.67366536458333","74.67366536458333","2.5642903645833335","2.5642903645833335","2.5642903645833335"
"13765.276503647","74.67366536458333","74.67366536458333","74.67366536458333","2.5642903645833335","2.5642903645833335","2.5642903645833335"
"13775.268787699","74.67366536458333","74.67366536458333","74.67366536458333","2.5642903645833335","2.5642903645833335","2.5642903645833335"
"13785.265842741","74.67366536458333","74.67366536458333","74.67366536458333","2.5642903645833335","2.5642903645833335","2.5642903645833335"
"13795.265196294","74.67366536458333","74.67366536458333","74.67366536458333","2.5642903645833335","2.5642903645833335","2.5642903645833335"
"13805.26651527","74.67366536458333","74.67366536458333","74.67366536458333","2.5642903645833335","2.5642903645833335","2.5642903645833335"
"13815.265840167","74.67366536458333","74.67366536458333","74.67366536458333","2.5642903645833335","2.5642903645833335","2.5642903645833335"
"13825.266013531","74.67366536458333","74.67366536458333","74.67366536458333","2.5642903645833335","2.5642903645833335","2.5642903645833335"
"13835.270484096","74.67366536458333","74.67366536458333","74.67366536458333","2.5642903645833335","2.5642903645833335","2.5642903645833335"
"13845.269808457","74.67366536458333","74.67366536458333","74.67366536458333","2.5642903645833335","2.5642903645833335","2.5642903645833335"
"13855.268822154","74.67366536458333","74.67366536458333","74.67366536458333","2.5642903645833335","2.5642903645833335","2.5642903645833335"
"13865.267711011","74.67366536458333","74.67366536458333","74.67366536458333","2.5642903645833335","2.5642903645833335","2.5642903645833335"
"13875.269110898","74.67366536458333","74.67366536458333","74.67366536458333","2.5642903645833335","2.5642903645833335","2.5642903645833335"
"13885.268493689","74.67366536458333","74.67366536458333","74.67366536458333","2.5642903645833335","2.5642903645833335","2.5642903645833335"
"13895.267771328","74.67366536458333","74.67366536458333","74.67366536458333","2.5642903645833335","2.5642903645833335","2.5642903645833335"
"13905.267700194","74.67366536458333","74.67366536458333","74.67366536458333","2.5642903645833335","2.5642903645833335","2.5642903645833335"
"13915.275521495","74.67366536458333","74.67366536458333","74.67366536458333","2.5642903645833335","2.5642903645833335","2.5642903645833335"
"13925.267300761","74.67366536458333","74.67366536458333","74.67366536458333","2.5642903645833335","2.5642903645833335","2.5642903645833335"
"13935.267302446","74.67366536458333","74.67366536458333","74.67366536458333","2.5642903645833335","2.5642903645833335","2.5642903645833335"
"13945.267001672","74.67366536458333","74.67366536458333","74.67366536458333","2.5642903645833335","2.5642903645833335","2.5642903645833335"
"13955.265188173","74.67366536458333","74.67366536458333","74.67366536458333","2.5642903645833335","2.5642903645833335","2.5642903645833335"
"13965.270215628","74.67366536458333","74.67366536458333","74.67366536458333","2.5642903645833335","2.5642903645833335","2.5642903645833335"
"13975.265990456","74.67366536458333","74.67366536458333","74.67366536458333","2.5642903645833335","2.5642903645833335","2.5642903645833335"
"13985.265504628","74.67366536458333","74.67366536458333","74.67366536458333","2.5642903645833335","2.5642903645833335","2.5642903645833335"
"13995.267852072","74.67366536458333","74.67366536458333","74.67366536458333","2.5642903645833335","2.5642903645833335","2.5642903645833335"
"14005.272851055","74.67366536458333","74.67366536458333","74.67366536458333","2.5642903645833335","2.5642903645833335","2.5642903645833335"
"14015.280789529","74.67366536458333","74.67366536458333","74.67366536458333","2.5642903645833335","2.5642903645833335","2.5642903645833335"
"14025.268132628","74.67366536458333","74.67366536458333","74.67366536458333","2.5642903645833335","2.5642903645833335","2.5642903645833335"
"14035.268329493","74.67366536458333","74.67366536458333","74.67366536458333","2.5642903645833335","2.5642903645833335","2.5642903645833335"
"14045.271255687","74.67366536458333","74.67366536458333","74.67366536458333","2.5642903645833335","2.5642903645833335","2.5642903645833335"
"14055.283387048","74.67366536458333","74.67366536458333","74.67366536458333","2.5642903645833335","2.5642903645833335","2.5642903645833335"
"14065.268166009","74.67366536458333","74.67366536458333","74.67366536458333","2.5642903645833335","2.5642903645833335","2.5642903645833335"
"14075.27799069","74.67366536458333","74.67366536458333","74.67366536458333","2.5642903645833335","2.5642903645833335","2.5642903645833335"
"14085.270883463","74.67366536458333","74.67366536458333","74.67366536458333","2.5642903645833335","2.5642903645833335","2.5642903645833335"
"14095.266368827","74.67366536458333","74.67366536458333","74.67366536458333","2.5642903645833335","2.5642903645833335","2.5642903645833335"
"14105.266394786","74.67366536458333","74.67366536458333","74.67366536458333","2.5642903645833335","2.5642903645833335","2.5642903645833335"
"14115.26843246","74.67366536458333","74.67366536458333","74.67366536458333","2.5642903645833335","2.5642903645833335","2.5642903645833335"
"14125.265740162","74.67366536458333","74.67366536458333","74.67366536458333","2.5642903645833335","2.5642903645833335","2.5642903645833335"
"14135.269055079","74.67366536458333","74.67366536458333","74.67366536458333","2.5642903645833335","2.5642903645833335","2.5642903645833335"
"14145.26730688","74.67366536458333","74.67366536458333","74.67366536458333","2.5642903645833335","2.5642903645833335","2.5642903645833335"
"14155.270968103","74.67366536458333","74.67366536458333","74.67366536458333","2.5642903645833335","2.5642903645833335","2.5642903645833335"
"14165.269838095","74.67366536458333","74.67366536458333","74.67366536458333","2.5642903645833335","2.5642903645833335","2.5642903645833335"
"14175.267936164","74.67366536458333","74.67366536458333","74.67366536458333","2.5642903645833335","2.5642903645833335","2.5642903645833335"
"14185.27483906","74.67366536458333","74.67366536458333","74.67366536458333","2.5642903645833335","2.5642903645833335","2.5642903645833335"
"14195.266114426","74.67366536458333","74.67366536458333","74.67366536458333","2.5642903645833335","2.5642903645833335","2.5642903645833335"
"14205.270091246","74.67366536458333","74.67366536458333","74.67366536458333","2.5642903645833335","2.5642903645833335","2.5642903645833335"
"14215.266579938","74.67366536458333","74.67366536458333","74.67366536458333","2.5642903645833335","2.5642903645833335","2.5642903645833335"
"14225.270122539","74.67366536458333","74.67366536458333","74.67366536458333","2.5642903645833335","2.5642903645833335","2.5642903645833335"
"14235.266055328","74.67366536458333","74.67366536458333","74.67366536458333","2.5642903645833335","2.5642903645833335","2.5642903645833335"
"14245.274256541","74.67366536458333","74.67366536458333","74.67366536458333","2.5642903645833335","2.5642903645833335","2.5642903645833335"
"14255.267119151","74.67366536458333","74.67366536458333","74.67366536458333","2.5642903645833335","2.5642903645833335","2.5642903645833335"
"14265.266301658","74.67366536458333","74.67366536458333","74.67366536458333","2.5642903645833335","2.5642903645833335","2.5642903645833335"
"14275.265623413","74.67366536458333","74.67366536458333","74.67366536458333","2.5642903645833335","2.5642903645833335","2.5642903645833335"
"14285.271538621","74.67366536458333","74.67366536458333","74.67366536458333","2.5642903645833335","2.5642903645833335","2.5642903645833335"
"14295.285433962","74.67366536458333","74.67366536458333","74.67366536458333","2.5642903645833335","2.5642903645833335","2.5642903645833335"
"14305.278564321","74.67366536458333","74.67366536458333","74.67366536458333","2.5642903645833335","2.5642903645833335","2.5642903645833335"
"14315.265603642","74.67366536458333","74.67366536458333","74.67366536458333","2.5642903645833335","2.5642903645833335","2.5642903645833335"
"14325.267814348","74.67366536458333","74.67366536458333","74.67366536458333","2.5642903645833335","2.5642903645833335","2.5642903645833335"
"14335.267961075","74.67366536458333","74.67366536458333","74.67366536458333","2.5642903645833335","2.5642903645833335","2.5642903645833335"
"14345.265742273","74.67366536458333","74.67366536458333","74.67366536458333","2.5642903645833335","2.5642903645833335","2.5642903645833335"
"14355.270102395","74.67366536458333","74.67366536458333","74.67366536458333","2.5642903645833335","2.5642903645833335","2.5642903645833335"
"14365.266115105","74.67366536458333","74.67366536458333","74.67366536458333","2.5642903645833335","2.5642903645833335","2.5642903645833335"
"14375.270732565","74.67366536458333","74.67366536458333","74.67366536458333","2.5642903645833335","2.5642903645833335","2.5642903645833335"
"14385.27568783","74.67366536458333","74.67366536458333","74.67366536458333","2.5642903645833335","2.5642903645833335","2.5642903645833335"
"14395.266652234","74.67366536458333","74.67366536458333","74.67366536458333","2.5642903645833335","2.5642903645833335","2.5642903645833335"
"14405.275039852","74.67366536458333","74.67366536458333","74.67366536458333","2.5642903645833335","2.5642903645833335","2.5642903645833335"
"14415.266643388","74.67366536458333","74.67366536458333","74.67366536458333","2.5642903645833335","2.5642903645833335","2.5642903645833335"
"14425.265899921","74.67366536458333","74.67366536458333","74.67366536458333","2.5642903645833335","2.5642903645833335","2.5642903645833335"
"14435.267525062","74.67366536458333","74.67366536458333","74.67366536458333","2.5642903645833335","2.5642903645833335","2.5642903645833335"
"14445.272019727","74.67366536458333","74.67366536458333","74.67366536458333","2.5642903645833335","2.5642903645833335","2.5642903645833335"
"14455.269457223","74.67366536458333","74.67366536458333","74.67366536458333","2.5642903645833335","2.5642903645833335","2.5642903645833335"
"14465.274536939","74.67366536458333","74.67366536458333","74.67366536458333","2.5642903645833335","2.5642903645833335","2.5642903645833335"
"14475.265473467","74.67366536458333","74.67366536458333","74.67366536458333","2.5642903645833335","2.5642903645833335","2.5642903645833335"
"14485.26520935","74.67366536458333","74.67366536458333","74.67366536458333","2.5642903645833335","2.5642903645833335","2.5642903645833335"
"14495.267797593","74.67366536458333","74.67366536458333","74.67366536458333","2.5642903645833335","2.5642903645833335","2.5642903645833335"
"14505.268631443","74.67366536458333","74.67366536458333","74.67366536458333","2.5642903645833335","2.5642903645833335","2.5642903645833335"
"14515.269797401","74.67366536458333","74.67366536458333","74.67366536458333","2.5642903645833335","2.5642903645833335","2.5642903645833335"
"14525.267247547","74.67366536458333","74.67366536458333","74.67366536458333","2.5642903645833335","2.5642903645833335","2.5642903645833335"
"14535.267057434","74.67366536458333","74.67366536458333","74.67366536458333","2.5642903645833335","2.5642903645833335","2.5642903645833335"
"14545.268232064","74.67366536458333","74.67366536458333","74.67366536458333","2.5642903645833335","2.5642903645833335","2.5642903645833335"
"14555.268497093","74.67366536458333","74.67366536458333","74.67366536458333","2.5642903645833335","2.5642903645833335","2.5642903645833335"
"14565.278783151","74.67366536458333","74.67366536458333","74.67366536458333","2.5642903645833335","2.5642903645833335","2.5642903645833335"
"14575.26933475","74.67366536458333","74.67366536458333","74.67366536458333","2.5642903645833335","2.5642903645833335","2.5642903645833335"
"14585.268153618","74.67366536458333","74.67366536458333","74.67366536458333","2.5642903645833335","2.5642903645833335","2.5642903645833335"
"14595.270702146","74.67366536458333","74.67366536458333","74.67366536458333","2.5642903645833335","2.5642903645833335","2.5642903645833335"
"14605.265022005","74.67366536458333","74.67366536458333","74.67366536458333","2.5642903645833335","2.5642903645833335","2.5642903645833335"
"14615.266524231","74.67366536458333","74.67366536458333","74.67366536458333","2.5642903645833335","2.5642903645833335","2.5642903645833335"
"14625.268044768","74.67366536458333","74.67366536458333","74.67366536458333","2.5642903645833335","2.5642903645833335","2.5642903645833335"
"14635.268742676","74.67366536458333","74.67366536458333","74.67366536458333","2.5642903645833335","2.5642903645833335","2.5642903645833335"
"14645.273750457","74.67366536458333","74.67366536458333","74.67366536458333","2.5642903645833335","2.5642903645833335","2.5642903645833335"
"14655.267652631","74.67366536458333","74.67366536458333","74.67366536458333","2.5642903645833335","2.5642903645833335","2.5642903645833335"
"14665.268010571","74.67366536458333","74.67366536458333","74.67366536458333","2.5642903645833335","2.5642903645833335","2.5642903645833335"
"14675.265590035","74.67366536458333","74.67366536458333","74.67366536458333","2.5642903645833335","2.5642903645833335","2.5642903645833335"
"14685.272265332","74.67366536458333","74.67366536458333","74.67366536458333","2.5642903645833335","2.5642903645833335","2.5642903645833335"
"14695.266147858","74.67366536458333","74.67366536458333","74.67366536458333","2.5642903645833335","2.5642903645833335","2.5642903645833335"
"14705.266365829","74.67366536458333","74.67366536458333","74.67366536458333","2.5642903645833335","2.5642903645833335","2.5642903645833335"
"14715.268837929","74.67366536458333","74.67366536458333","74.67366536458333","2.5642903645833335","2.5642903645833335","2.5642903645833335"
"14725.268356439","74.67366536458333","74.67366536458333","74.67366536458333","2.5642903645833335","2.5642903645833335","2.5642903645833335"
"14735.266944043","74.67366536458333","74.67366536458333","74.67366536458333","2.5642903645833335","2.5642903645833335","2.5642903645833335"
"14745.276647089","74.67366536458333","74.67366536458333","74.67366536458333","2.5642903645833335","2.5642903645833335","2.5642903645833335"
"14755.267330248","74.67366536458333","74.67366536458333","74.67366536458333","2.5642903645833335","2.5642903645833335","2.5642903645833335"
"14765.266156141","74.67366536458333","74.67366536458333","74.67366536458333","2.5642903645833335","2.5642903645833335","2.5642903645833335"
"14775.267663537","74.67366536458333","74.67366536458333","74.67366536458333","2.5642903645833335","2.5642903645833335","2.5642903645833335"
"14785.270430042","74.67366536458333","74.67366536458333","74.67366536458333","2.5642903645833335","2.5642903645833335","2.5642903645833335"
"14795.269586772","74.67366536458333","74.67366536458333","74.67366536458333","2.5642903645833335","2.5642903645833335","2.5642903645833335"
"14805.267986548","74.67366536458333","74.67366536458333","74.67366536458333","2.5642903645833335","2.5642903645833335","2.5642903645833335"
"14815.267440146","74.67366536458333","74.67366536458333","74.67366536458333","2.5642903645833335","2.5642903645833335","2.5642903645833335"
"14825.270575942","74.67366536458333","74.67366536458333","74.67366536458333","2.5642903645833335","2.5642903645833335","2.5642903645833335"
"14835.278815471","74.67366536458333","74.67366536458333","74.67366536458333","2.5642903645833335","2.5642903645833335","2.5642903645833335"
"14845.270363798","74.67366536458333","74.67366536458333","74.67366536458333","2.5642903645833335","2.5642903645833335","2.5642903645833335"
"14855.265987438","74.67366536458333","74.67366536458333","74.67366536458333","2.5642903645833335","2.5642903645833335","2.5642903645833335"
"14865.275627417","74.67366536458333","74.67366536458333","74.67366536458333","2.5642903645833335","2.5642903645833335","2.5642903645833335"
"14875.272344081","74.67366536458333","74.67366536458333","74.67366536458333","2.5642903645833335","2.5642903645833335","2.5642903645833335"
"14885.269759778","74.67366536458333","74.67366536458333","74.67366536458333","2.5642903645833335","2.5642903645833335","2.5642903645833335"
"14895.272780099","74.67366536458333","74.67366536458333","74.67366536458333","2.5642903645833335","2.5642903645833335","2.5642903645833335"
"14905.27677227","74.67366536458333","74.67366536458333","74.67366536458333","2.5642903645833335","2.5642903645833335","2.5642903645833335"
"14915.2682258","74.67366536458333","74.67366536458333","74.67366536458333","2.5642903645833335","2.5642903645833335","2.5642903645833335"
"14925.268442494","74.67366536458333","74.67366536458333","74.67366536458333","2.5642903645833335","2.5642903645833335","2.5642903645833335"
"14935.277036265","74.67366536458333","74.67366536458333","74.67366536458333","2.5642903645833335","2.5642903645833335","2.5642903645833335"
"14945.267431979","74.67366536458333","74.67366536458333","74.67366536458333","2.5642903645833335","2.5642903645833335","2.5642903645833335"
"14955.267197981","74.67366536458333","74.67366536458333","74.67366536458333","2.5642903645833335","2.5642903645833335","2.5642903645833335"
"14965.265526825","74.67366536458333","74.67366536458333","74.67366536458333","2.5642903645833335","2.5642903645833335","2.5642903645833335"
"14975.265472468","74.67366536458333","74.67366536458333","74.67366536458333","2.5642903645833335","2.5642903645833335","2.5642903645833335"
"14985.267234722","74.67366536458333","74.67366536458333","74.67366536458333","2.5642903645833335","2.5642903645833335","2.5642903645833335"
"14995.267517258","74.67366536458333","74.67366536458333","74.67366536458333","2.5642903645833335","2.5642903645833335","2.5642903645833335"
"15005.266545503","74.67366536458333","74.67366536458333","74.67366536458333","2.5642903645833335","2.5642903645833335","2.5642903645833335"
"15015.268323536","74.67366536458333","74.67366536458333","74.67366536458333","2.5642903645833335","2.5642903645833335","2.5642903645833335"
"15025.266187","74.67366536458333","74.67366536458333","74.67366536458333","2.5642903645833335","2.5642903645833335","2.5642903645833335"
"15035.268180459","74.67366536458333","74.67366536458333","74.67366536458333","2.5642903645833335","2.5642903645833335","2.5642903645833335"
"15045.268422305","74.67366536458333","74.67366536458333","74.67366536458333","2.5642903645833335","2.5642903645833335","2.5642903645833335"
"15055.273708669","74.67366536458333","74.67366536458333","74.67366536458333","2.5642903645833335","2.5642903645833335","2.5642903645833335"
"15065.27484945","74.67366536458333","74.67366536458333","74.67366536458333","2.5642903645833335","2.5642903645833335","2.5642903645833335"
"15075.275100741","74.67366536458333","74.67366536458333","74.67366536458333","2.5642903645833335","2.5642903645833335","2.5642903645833335"
"15085.269355434","74.67366536458333","74.67366536458333","74.67366536458333","2.5642903645833335","2.5642903645833335","2.5642903645833335"
"15095.267858538","74.67366536458333","74.67366536458333","74.67366536458333","2.5642903645833335","2.5642903645833335","2.5642903645833335"
"15105.266941493","74.67366536458333","74.67366536458333","74.67366536458333","2.5642903645833335","2.5642903645833335","2.5642903645833335"
"15115.265485707","74.67366536458333","74.67366536458333","74.67366536458333","2.5642903645833335","2.5642903645833335","2.5642903645833335"
"15125.266802243","74.67366536458333","74.67366536458333","74.67366536458333","2.5642903645833335","2.5642903645833335","2.5642903645833335"
"15135.266220885","74.67366536458333","74.67366536458333","74.67366536458333","2.5642903645833335","2.5642903645833335","2.5642903645833335"
"15145.267124144","74.67366536458333","74.67366536458333","74.67366536458333","2.5642903645833335","2.5642903645833335","2.5642903645833335"
"15155.271248864","74.67366536458333","74.67366536458333","74.67366536458333","2.5642903645833335","2.5642903645833335","2.5642903645833335"
"15165.265461368","74.67366536458333","74.67366536458333","74.67366536458333","2.5642903645833335","2.5642903645833335","2.5642903645833335"
"15175.275123767","74.67366536458333","74.67366536458333","74.67366536458333","2.5642903645833335","2.5642903645833335","2.5642903645833335"
"15185.26810798","74.67366536458333","74.67366536458333","74.67366536458333","2.5642903645833335","2.5642903645833335","2.5642903645833335"
"15195.266092617","74.67366536458333","74.67366536458333","74.67366536458333","2.5642903645833335","2.5642903645833335","2.5642903645833335"
"15205.272033522","74.67366536458333","74.67366536458333","74.67366536458333","2.5642903645833335","2.5642903645833335","2.5642903645833335"
"15215.271160934","74.67366536458333","74.67366536458333","74.67366536458333","2.5642903645833335","2.5642903645833335","2.5642903645833335"
"15225.273208284","74.67366536458333","74.67366536458333","74.67366536458333","2.5642903645833335","2.5642903645833335","2.5642903645833335"
"15235.273439707","74.67366536458333","74.67366536458333","74.67366536458333","2.5642903645833335","2.5642903645833335","2.5642903645833335"
"15245.26710676","74.67366536458333","74.67366536458333","74.67366536458333","2.5642903645833335","2.5642903645833335","2.5642903645833335"
"15255.268912026","74.67366536458333","74.67366536458333","74.67366536458333","2.5642903645833335","2.5642903645833335","2.5642903645833335"
"15265.266160236","74.67366536458333","74.67366536458333","74.67366536458333","2.5642903645833335","2.5642903645833335","2.5642903645833335"
"15275.269300646","74.67366536458333","74.67366536458333","74.67366536458333","2.5642903645833335","2.5642903645833335","2.5642903645833335"
"15285.269497969","74.67366536458333","74.67366536458333","74.67366536458333","2.5642903645833335","2.5642903645833335","2.5642903645833335"
"15295.275518919","74.67366536458333","74.67366536458333","74.67366536458333","2.5642903645833335","2.5642903645833335","2.5642903645833335"
"15305.270763321","74.67366536458333","74.67366536458333","74.67366536458333","2.5642903645833335","2.5642903645833335","2.5642903645833335"
"15315.266282112","74.67366536458333","74.67366536458333","74.67366536458333","2.5642903645833335","2.5642903645833335","2.5642903645833335"
"15325.2650208","74.67366536458333","74.67366536458333","74.67366536458333","2.5642903645833335","2.5642903645833335","2.5642903645833335"
"15335.273612786","74.67366536458333","74.67366536458333","74.67366536458333","2.5642903645833335","2.5642903645833335","2.5642903645833335"
"15345.275816906","74.67366536458333","74.67366536458333","74.67366536458333","2.5642903645833335","2.5642903645833335","2.5642903645833335"
"15355.267806282","74.67366536458333","74.67366536458333","74.67366536458333","2.5642903645833335","2.5642903645833335","2.5642903645833335"
"15365.267858398","74.67366536458333","74.67366536458333","74.67366536458333","2.5642903645833335","2.5642903645833335","2.5642903645833335"
"15375.267756093","74.67366536458333","74.67366536458333","74.67366536458333","2.5642903645833335","2.5642903645833335","2.5642903645833335"
"15385.267136701","74.67366536458333","74.67366536458333","74.67366536458333","2.5642903645833335","2.5642903645833335","2.5642903645833335"
"15395.277738152","74.67366536458333","74.67366536458333","74.67366536458333","2.5642903645833335","2.5642903645833335","2.5642903645833335"
"15405.28034082","74.67366536458333","74.67366536458333","74.67366536458333","2.5642903645833335","2.5642903645833335","2.5642903645833335"
"15415.275969129","74.67366536458333","74.67366536458333","74.67366536458333","2.5642903645833335","2.5642903645833335","2.5642903645833335"
"15425.267067124","74.67366536458333","74.67366536458333","74.67366536458333","2.5642903645833335","2.5642903645833335","2.5642903645833335"
"15435.265565009","74.67366536458333","74.67366536458333","74.67366536458333","2.5642903645833335","2.5642903645833335","2.5642903645833335"
"15445.27005325","74.67366536458333","74.67366536458333","74.67366536458333","2.5642903645833335","2.5642903645833335","2.5642903645833335"
"15455.266626205","74.67366536458333","74.67366536458333","74.67366536458333","2.5642903645833335","2.5642903645833335","2.5642903645833335"
"15465.268288629","74.67366536458333","74.67366536458333","74.67366536458333","2.5642903645833335","2.5642903645833335","2.5642903645833335"
"15475.272493022","74.67366536458333","74.67366536458333","74.67366536458333","2.5642903645833335","2.5642903645833335","2.5642903645833335"
"15485.266259897","74.67366536458333","74.67366536458333","74.67366536458333","2.5642903645833335","2.5642903645833335","2.5642903645833335"
"15495.268494652","74.67366536458333","74.67366536458333","74.67366536458333","2.5642903645833335","2.5642903645833335","2.5642903645833335"
"15505.267718332","74.67366536458333","74.67366536458333","74.67366536458333","2.5642903645833335","2.5642903645833335","2.5642903645833335"
"15515.26601148","74.67366536458333","74.67366536458333","74.67366536458333","2.5642903645833335","2.5642903645833335","2.5642903645833335"
"15525.270340627","74.67366536458333","74.67366536458333","74.67366536458333","2.5642903645833335","2.5642903645833335","2.5642903645833335"
"15535.2670479","74.67366536458333","74.67366536458333","74.67366536458333","2.5642903645833335","2.5642903645833335","2.5642903645833335"
"15545.265635858","74.67366536458333","74.67366536458333","74.67366536458333","2.5642903645833335","2.5642903645833335","2.5642903645833335"
"15555.273283609","74.67366536458333","74.67366536458333","74.67366536458333","2.5642903645833335","2.5642903645833335","2.5642903645833335"
"15565.267248421","74.67366536458333","74.67366536458333","74.67366536458333","2.5642903645833335","2.5642903645833335","2.5642903645833335"
"15575.266355113","74.67366536458333","74.67366536458333","74.67366536458333","2.5642903645833335","2.5642903645833335","2.5642903645833335"
"15585.269938082","74.67366536458333","74.67366536458333","74.67366536458333","2.5642903645833335","2.5642903645833335","2.5642903645833335"
"15595.278816598","74.67366536458333","74.67366536458333","74.67366536458333","2.5642903645833335","2.5642903645833335","2.5642903645833335"
"15605.267089317","74.67366536458333","74.67366536458333","74.67366536458333","2.5642903645833335","2.5642903645833335","2.5642903645833335"
"15615.270279286","74.67366536458333","74.67366536458333","74.67366536458333","2.5642903645833335","2.5642903645833335","2.5642903645833335"
"15625.267941521","74.67366536458333","74.67366536458333","74.67366536458333","2.5642903645833335","2.5642903645833335","2.5642903645833335"
"15635.27343026","74.67366536458333","74.67366536458333","74.67366536458333","2.5642903645833335","2.5642903645833335","2.5642903645833335"
"15645.26837953","74.67366536458333","74.67366536458333","74.67366536458333","2.5642903645833335","2.5642903645833335","2.5642903645833335"
"15655.27648345","74.67366536458333","74.67366536458333","74.67366536458333","2.5642903645833335","2.5642903645833335","2.5642903645833335"
"15665.270236393","74.67366536458333","74.67366536458333","74.67366536458333","2.5642903645833335","2.5642903645833335","2.5642903645833335"
"15675.270094647","74.67366536458333","74.67366536458333","74.67366536458333","2.5642903645833335","2.5642903645833335","2.5642903645833335"
"15685.266787609","74.67366536458333","74.67366536458333","74.67366536458333","2.5642903645833335","2.5642903645833335","2.5642903645833335"
"15695.268563569","74.67366536458333","74.67366536458333","74.67366536458333","2.5642903645833335","2.5642903645833335","2.5642903645833335"
"15705.267664861","74.67366536458333","74.67366536458333","74.67366536458333","2.5642903645833335","2.5642903645833335","2.5642903645833335"
"15715.278308602","74.67366536458333","74.67366536458333","74.67366536458333","2.5642903645833335","2.5642903645833335","2.5642903645833335"
"15725.268727632","74.67366536458333","74.67366536458333","74.67366536458333","2.5642903645833335","2.5642903645833335","2.5642903645833335"
"15735.271632743","74.67366536458333","74.67366536458333","74.67366536458333","2.5642903645833335","2.5642903645833335","2.5642903645833335"
"15745.264856407","74.67366536458333","74.67366536458333","74.67366536458333","2.5642903645833335","2.5642903645833335","2.5642903645833335"
"15755.268171439","74.67366536458333","74.67366536458333","74.67366536458333","2.5642903645833335","2.5642903645833335","2.5642903645833335"
"15765.265691571","74.67366536458333","74.67366536458333","74.67366536458333","2.5642903645833335","2.5642903645833335","2.5642903645833335"
"15775.269479389","74.67366536458333","74.67366536458333","74.67366536458333","2.5642903645833335","2.5642903645833335","2.5642903645833335"
"15785.272183351","74.67366536458333","74.67366536458333","74.67366536458333","2.5642903645833335","2.5642903645833335","2.5642903645833335"
"15795.269957938","74.67366536458333","74.67366536458333","74.67366536458333","2.5642903645833335","2.5642903645833335","2.5642903645833335"
"15805.270164704","74.67366536458333","74.67366536458333","74.67366536458333","2.5642903645833335","2.5642903645833335","2.5642903645833335"
"15815.267438706","74.67366536458333","74.67366536458333","74.67366536458333","2.5642903645833335","2.5642903645833335","2.5642903645833335"
"15825.267091052","74.67366536458333","74.67366536458333","74.67366536458333","2.5642903645833335","2.5642903645833335","2.5642903645833335"
"15835.268344722","74.67366536458333","74.67366536458333","74.67366536458333","2.5642903645833335","2.5642903645833335","2.5642903645833335"
"15845.266382565","74.67366536458333","74.67366536458333","74.67366536458333","2.5642903645833335","2.5642903645833335","2.5642903645833335"
"15855.26780523","74.67366536458333","74.67366536458333","74.67366536458333","2.5642903645833335","2.5642903645833335","2.5642903645833335"
"15865.269361553","74.67366536458333","74.67366536458333","74.67366536458333","2.5642903645833335","2.5642903645833335","2.5642903645833335"
"15875.26684416","74.67366536458333","74.67366536458333","74.67366536458333","2.5642903645833335","2.5642903645833335","2.5642903645833335"
"15885.26819769","74.67366536458333","74.67366536458333","74.67366536458333","2.5642903645833335","2.5642903645833335","2.5642903645833335"
"15895.267574888","74.67366536458333","74.67366536458333","74.67366536458333","2.5642903645833335","2.5642903645833335","2.5642903645833335"
"15905.269667757","74.67366536458333","74.67366536458333","74.67366536458333","2.5642903645833335","2.5642903645833335","2.5642903645833335"
"15915.270914582","74.67366536458333","74.67366536458333","74.67366536458333","2.5642903645833335","2.5642903645833335","2.5642903645833335"
"15925.267816206","74.67366536458333","74.67366536458333","74.67366536458333","2.5642903645833335","2.5642903645833335","2.5642903645833335"
"15935.268415561","74.67366536458333","74.67366536458333","74.67366536458333","2.5642903645833335","2.5642903645833335","2.5642903645833335"
"15945.267000972","74.67366536458333","74.67366536458333","74.67366536458333","2.5642903645833335","2.5642903645833335","2.5642903645833335"
"15955.266347742","74.67366536458333","74.67366536458333","74.67366536458333","2.5642903645833335","2.5642903645833335","2.5642903645833335"
"15965.268086898","74.67366536458333","74.67366536458333","74.67366536458333","2.5642903645833335","2.5642903645833335","2.5642903645833335"
"15975.267104798","74.67366536458333","74.67366536458333","74.67366536458333","2.5642903645833335","2.5642903645833335","2.5642903645833335"
"15985.268400497","74.67366536458333","74.67366536458333","74.67366536458333","2.5642903645833335","2.5642903645833335","2.5642903645833335"
"15995.276855766","74.67366536458333","74.67366536458333","74.67366536458333","2.5642903645833335","2.5642903645833335","2.5642903645833335"
"16005.266809427","74.67366536458333","74.67366536458333","74.67366536458333","2.5642903645833335","2.5642903645833335","2.5642903645833335"
"16015.267629075","74.67366536458333","74.67366536458333","74.67366536458333","2.5642903645833335","2.5642903645833335","2.5642903645833335"
"16025.26533252","74.67366536458333","74.67366536458333","74.67366536458333","2.5642903645833335","2.5642903645833335","2.5642903645833335"
"16035.270016975","74.67366536458333","74.67366536458333","74.67366536458333","2.5642903645833335","2.5642903645833335","2.5642903645833335"
"16045.266977528","74.67366536458333","74.67366536458333","74.67366536458333","2.5642903645833335","2.5642903645833335","2.5642903645833335"
"16055.267819803","74.67366536458333","74.67366536458333","74.67366536458333","2.5642903645833335","2.5642903645833335","2.5642903645833335"
"16065.267149459","74.67366536458333","74.67366536458333","74.67366536458333","2.5642903645833335","2.5642903645833335","2.5642903645833335"
"16075.266827419","74.67366536458333","74.67366536458333","74.67366536458333","2.5642903645833335","2.5642903645833335","2.5642903645833335"
"16085.265455251","74.67366536458333","74.67366536458333","74.67366536458333","2.5642903645833335","2.5642903645833335","2.5642903645833335"
"16095.269731301","74.67366536458333","74.67366536458333","74.67366536458333","2.5642903645833335","2.5642903645833335","2.5642903645833335"
"16105.269101191","74.67366536458333","74.67366536458333","74.67366536458333","2.5642903645833335","2.5642903645833335","2.5642903645833335"
"16115.268168675","74.67366536458333","74.67366536458333","74.67366536458333","2.5642903645833335","2.5642903645833335","2.5642903645833335"
"16125.26904326","74.67366536458333","74.67366536458333","74.67366536458333","2.5642903645833335","2.5642903645833335","2.5642903645833335"
"16135.270340154","74.67366536458333","74.67366536458333","74.67366536458333","2.5642903645833335","2.5642903645833335","2.5642903645833335"
"16145.267500972","74.67366536458333","74.67366536458333","74.67366536458333","2.5642903645833335","2.5642903645833335","2.5642903645833335"
"16155.26879724","74.67366536458333","74.67366536458333","74.67366536458333","2.5642903645833335","2.5642903645833335","2.5642903645833335"
"16165.265410686","74.67366536458333","74.67366536458333","74.67366536458333","2.5642903645833335","2.5642903645833335","2.5642903645833335"
"16175.268066374","74.67366536458333","74.67366536458333","74.67366536458333","2.5642903645833335","2.5642903645833335","2.5642903645833335"
"16185.26931498","74.67366536458333","74.67366536458333","74.67366536458333","2.5642903645833335","2.5642903645833335","2.5642903645833335"
"16195.266075711","74.67366536458333","74.67366536458333","74.67366536458333","2.5642903645833335","2.5642903645833335","2.5642903645833335"
"16205.269393219","74.67366536458333","74.67366536458333","74.67366536458333","2.5642903645833335","2.5642903645833335","2.5642903645833335"
"16215.271060782","74.67366536458333","74.67366536458333","74.67366536458333","2.5642903645833335","2.5642903645833335","2.5642903645833335"
"16225.270780227","74.67366536458333","74.67366536458333","74.67366536458333","2.5642903645833335","2.5642903645833335","2.5642903645833335"
"16235.267777123","74.67366536458333","74.67366536458333","74.67366536458333","2.5642903645833335","2.5642903645833335","2.5642903645833335"
"16245.272170641","74.67366536458333","74.67366536458333","74.67366536458333","2.5642903645833335","2.5642903645833335","2.5642903645833335"
"16255.267573451","74.67366536458333","74.67366536458333","74.67366536458333","2.5642903645833335","2.5642903645833335","2.5642903645833335"
"16265.265327896","74.67366536458333","74.67366536458333","74.67366536458333","2.5642903645833335","2.5642903645833335","2.5642903645833335"
"16275.268042279","74.67366536458333","74.67366536458333","74.67366536458333","2.5642903645833335","2.5642903645833335","2.5642903645833335"
"16285.267229413","74.67366536458333","74.67366536458333","74.67366536458333","2.5642903645833335","2.5642903645833335","2.5642903645833335"
"16295.276866746","74.67366536458333","74.67366536458333","74.67366536458333","2.5642903645833335","2.5642903645833335","2.5642903645833335"
"16305.27506272","74.67366536458333","74.67366536458333","74.67366536458333","2.5642903645833335","2.5642903645833335","2.5642903645833335"
"16315.266550279","74.67366536458333","74.67366536458333","74.67366536458333","2.5642903645833335","2.5642903645833335","2.5642903645833335"
"16325.267828065","74.67366536458333","74.67366536458333","74.67366536458333","2.5642903645833335","2.5642903645833335","2.5642903645833335"
"16335.270663444","74.67366536458333","74.67366536458333","74.67366536458333","2.5642903645833335","2.5642903645833335","2.5642903645833335"
"16345.266907607","74.67366536458333","74.67366536458333","74.67366536458333","2.5642903645833335","2.5642903645833335","2.5642903645833335"
"16355.26758267","74.67366536458333","74.67366536458333","74.67366536458333","2.5642903645833335","2.5642903645833335","2.5642903645833335"
"16365.26790762","74.67366536458333","74.67366536458333","74.67366536458333","2.5642903645833335","2.5642903645833335","2.5642903645833335"
"16375.270842069","74.67366536458333","74.67366536458333","74.67366536458333","2.5642903645833335","2.5642903645833335","2.5642903645833335"
"16385.269269743","74.67366536458333","74.67366536458333","74.67366536458333","2.5642903645833335","2.5642903645833335","2.5642903645833335"
"16395.276909449","74.67366536458333","74.67366536458333","74.67366536458333","2.5642903645833335","2.5642903645833335","2.5642903645833335"
"16405.273405023","74.67366536458333","74.67366536458333","74.67366536458333","2.5642903645833335","2.5642903645833335","2.5642903645833335"
"16415.278377172","74.67366536458333","74.67366536458333","74.67366536458333","2.5642903645833335","2.5642903645833335","2.5642903645833335"
"16425.276114448","74.67366536458333","74.67366536458333","74.67366536458333","2.5642903645833335","2.5642903645833335","2.5642903645833335"
"16435.266764401","74.67366536458333","74.67366536458333","74.67366536458333","2.5642903645833335","2.5642903645833335","2.5642903645833335"
"16445.267026031","74.67366536458333","74.67366536458333","74.67366536458333","2.5642903645833335","2.5642903645833335","2.5642903645833335"
"16455.266670442","74.67366536458333","74.67366536458333","74.67366536458333","2.5642903645833335","2.5642903645833335","2.5642903645833335"
"16465.266630345","74.67366536458333","74.67366536458333","74.67366536458333","2.5642903645833335","2.5642903645833335","2.5642903645833335"
"16475.274845752","74.67366536458333","74.67366536458333","74.67366536458333","2.5642903645833335","2.5642903645833335","2.5642903645833335"
"16485.268300032","74.67366536458333","74.67366536458333","74.67366536458333","2.5642903645833335","2.5642903645833335","2.5642903645833335"
"16495.268309289","74.67366536458333","74.67366536458333","74.67366536458333","2.5642903645833335","2.5642903645833335","2.5642903645833335"
"16505.271673358","74.67366536458333","74.67366536458333","74.67366536458333","2.5642903645833335","2.5642903645833335","2.5642903645833335"
"16515.274677258","74.67366536458333","74.67366536458333","74.67366536458333","2.5642903645833335","2.5642903645833335","2.5642903645833335"
"16525.277882634","74.67366536458333","74.67366536458333","74.67366536458333","2.5642903645833335","2.5642903645833335","2.5642903645833335"
"16535.26763649","74.67366536458333","74.67366536458333","74.67366536458333","2.5642903645833335","2.5642903645833335","2.5642903645833335"
"16545.26851679","74.67366536458333","74.67366536458333","74.67366536458333","2.5642903645833335","2.5642903645833335","2.5642903645833335"
"16555.266225545","74.67366536458333","74.67366536458333","74.67366536458333","2.5642903645833335","2.5642903645833335","2.5642903645833335"
"16565.274232234","74.67366536458333","74.67366536458333","74.67366536458333","2.5642903645833335","2.5642903645833335","2.5642903645833335"
"16575.274600319","74.67366536458333","74.67366536458333","74.67366536458333","2.5642903645833335","2.5642903645833335","2.5642903645833335"
"16585.267648908","74.67366536458333","74.67366536458333","74.67366536458333","2.5642903645833335","2.5642903645833335","2.5642903645833335"
"16595.268079939","74.67366536458333","74.67366536458333","74.67366536458333","2.5642903645833335","2.5642903645833335","2.5642903645833335"
"16605.271912356","74.67366536458333","74.67366536458333","74.67366536458333","2.5642903645833335","2.5642903645833335","2.5642903645833335"
"16615.278343979","74.67366536458333","74.67366536458333","74.67366536458333","2.5642903645833335","2.5642903645833335","2.5642903645833335"
"16625.266007832","74.67366536458333","74.67366536458333","74.67366536458333","2.5642903645833335","2.5642903645833335","2.5642903645833335"
"16635.268516869","74.67366536458333","74.67366536458333","74.67366536458333","2.5642903645833335","2.5642903645833335","2.5642903645833335"
"16645.265275281","74.67366536458333","74.67366536458333","74.67366536458333","2.5642903645833335","2.5642903645833335","2.5642903645833335"
"16655.271711917","74.67366536458333","74.67366536458333","74.67366536458333","2.5642903645833335","2.5642903645833335","2.5642903645833335"
"16665.271796875","74.67366536458333","74.67366536458333","74.67366536458333","2.5642903645833335","2.5642903645833335","2.5642903645833335"
"16675.267635438","74.67366536458333","74.67366536458333","74.67366536458333","2.5642903645833335","2.5642903645833335","2.5642903645833335"
"16685.267859044","74.67366536458333","74.67366536458333","74.67366536458333","2.5642903645833335","2.5642903645833335","2.5642903645833335"
"16695.266222829","74.67366536458333","74.67366536458333","74.67366536458333","2.5642903645833335","2.5642903645833335","2.5642903645833335"
"16705.267630082","74.67366536458333","74.67366536458333","74.67366536458333","2.5642903645833335","2.5642903645833335","2.5642903645833335"
"16715.265913333","74.67366536458333","74.67366536458333","74.67366536458333","2.5642903645833335","2.5642903645833335","2.5642903645833335"
"16725.267712214","74.67366536458333","74.67366536458333","74.67366536458333","2.5642903645833335","2.5642903645833335","2.5642903645833335"
"16735.277437782","74.67366536458333","74.67366536458333","74.67366536458333","2.5642903645833335","2.5642903645833335","2.5642903645833335"
"16745.268086755","74.67366536458333","74.67366536458333","74.67366536458333","2.5642903645833335","2.5642903645833335","2.5642903645833335"
"16755.267429573","74.67366536458333","74.67366536458333","74.67366536458333","2.5642903645833335","2.5642903645833335","2.5642903645833335"
"16765.267705101","74.67366536458333","74.67366536458333","74.67366536458333","2.5642903645833335","2.5642903645833335","2.5642903645833335"
"16775.274730936","74.67366536458333","74.67366536458333","74.67366536458333","2.5642903645833335","2.5642903645833335","2.5642903645833335"
"16785.277513281","74.67366536458333","74.67366536458333","74.67366536458333","2.5642903645833335","2.5642903645833335","2.5642903645833335"
"16795.266815992","74.67366536458333","74.67366536458333","74.67366536458333","2.5642903645833335","2.5642903645833335","2.5642903645833335"
"16805.26791484","74.67366536458333","74.67366536458333","74.67366536458333","2.5642903645833335","2.5642903645833335","2.5642903645833335"
"16815.271266225","74.67366536458333","74.67366536458333","74.67366536458333","2.5642903645833335","2.5642903645833335","2.5642903645833335"
"16825.271361966","74.67366536458333","74.67366536458333","74.67366536458333","2.5642903645833335","2.5642903645833335","2.5642903645833335"
"16835.266624054","74.67366536458333","74.67366536458333","74.67366536458333","2.5642903645833335","2.5642903645833335","2.5642903645833335"
"16845.26810389","74.67366536458333","74.67366536458333","74.67366536458333","2.5642903645833335","2.5642903645833335","2.5642903645833335"
"16855.267465426","74.67366536458333","74.67366536458333","74.67366536458333","2.5642903645833335","2.5642903645833335","2.5642903645833335"
"16865.267116266","74.67366536458333","74.67366536458333","74.67366536458333","2.5642903645833335","2.5642903645833335","2.5642903645833335"
"16875.268396428","74.67366536458333","74.67366536458333","74.67366536458333","2.5642903645833335","2.5642903645833335","2.5642903645833335"
"16885.266113919","74.67366536458333","74.67366536458333","74.67366536458333","2.5642903645833335","2.5642903645833335","2.5642903645833335"
"16895.266856584","74.67366536458333","74.67366536458333","74.67366536458333","2.5642903645833335","2.5642903645833335","2.5642903645833335"
"16905.267199516","74.67366536458333","74.67366536458333","74.67366536458333","2.5642903645833335","2.5642903645833335","2.5642903645833335"
"16915.277479899","74.67366536458333","74.67366536458333","74.67366536458333","2.5642903645833335","2.5642903645833335","2.5642903645833335"
"16925.266418879","74.67366536458333","74.67366536458333","74.67366536458333","2.5642903645833335","2.5642903645833335","2.5642903645833335"
"16935.270480032","74.67366536458333","74.67366536458333","74.67366536458333","2.5642903645833335","2.5642903645833335","2.5642903645833335"
"16945.265988632","74.67366536458333","74.67366536458333","74.67366536458333","2.5642903645833335","2.5642903645833335","2.5642903645833335"
"16955.276396878","74.67366536458333","74.67366536458333","74.67366536458333","2.5642903645833335","2.5642903645833335","2.5642903645833335"
"16965.275233045","74.67366536458333","74.67366536458333","74.67366536458333","2.5642903645833335","2.5642903645833335","2.5642903645833335"
"16975.273733658","74.67366536458333","74.67366536458333","74.67366536458333","2.5642903645833335","2.5642903645833335","2.5642903645833335"
"16985.270988757","74.67366536458333","74.67366536458333","74.67366536458333","2.5642903645833335","2.5642903645833335","2.5642903645833335"
"16995.27041825","74.67366536458333","74.67366536458333","74.67366536458333","2.5642903645833335","2.5642903645833335","2.5642903645833335"
"17005.266365269","74.67366536458333","74.67366536458333","74.67366536458333","2.5642903645833335","2.5642903645833335","2.5642903645833335"
"17015.265749854","74.67366536458333","74.67366536458333","74.67366536458333","2.5642903645833335","2.5642903645833335","2.5642903645833335"
"17025.26652776","74.67366536458333","74.67366536458333","74.67366536458333","2.5642903645833335","2.5642903645833335","2.5642903645833335"
"17035.271809925","74.67366536458333","74.67366536458333","74.67366536458333","2.5642903645833335","2.5642903645833335","2.5642903645833335"
"17045.267520505","74.67366536458333","74.67366536458333","74.67366536458333","2.5642903645833335","2.5642903645833335","2.5642903645833335"
"17055.267542232","74.67366536458333","74.67366536458333","74.67366536458333","2.5642903645833335","2.5642903645833335","2.5642903645833335"
"17065.266381814","74.67366536458333","74.67366536458333","74.67366536458333","2.5642903645833335","2.5642903645833335","2.5642903645833335"
"17075.265854354","74.67366536458333","74.67366536458333","74.67366536458333","2.5642903645833335","2.5642903645833335","2.5642903645833335"
"17085.26764254","74.67366536458333","74.67366536458333","74.67366536458333","2.5642903645833335","2.5642903645833335","2.5642903645833335"
"17095.266886506","74.67366536458333","74.67366536458333","74.67366536458333","2.5642903645833335","2.5642903645833335","2.5642903645833335"
"17105.268292629","74.67366536458333","74.67366536458333","74.67366536458333","2.5642903645833335","2.5642903645833335","2.5642903645833335"
"17115.267400394","74.67366536458333","74.67366536458333","74.67366536458333","2.5642903645833335","2.5642903645833335","2.5642903645833335"
"17125.273721878","74.67366536458333","74.67366536458333","74.67366536458333","2.5642903645833335","2.5642903645833335","2.5642903645833335"
"17135.269207574","74.67366536458333","74.67366536458333","74.67366536458333","2.5642903645833335","2.5642903645833335","2.5642903645833335"
"17145.266985293","74.67366536458333","74.67366536458333","74.67366536458333","2.5642903645833335","2.5642903645833335","2.5642903645833335"
"17155.266730958","74.67366536458333","74.67366536458333","74.67366536458333","2.5642903645833335","2.5642903645833335","2.5642903645833335"
"17165.27448226","74.67366536458333","74.67366536458333","74.67366536458333","2.5642903645833335","2.5642903645833335","2.5642903645833335"
"17175.272359785","74.67366536458333","74.67366536458333","74.67366536458333","2.5642903645833335","2.5642903645833335","2.5642903645833335"
"17185.269398818","74.67366536458333","74.67366536458333","74.67366536458333","2.5642903645833335","2.5642903645833335","2.5642903645833335"
"17195.271419732","74.67366536458333","74.67366536458333","74.67366536458333","2.5642903645833335","2.5642903645833335","2.5642903645833335"
"17205.27161842","74.67366536458333","74.67366536458333","74.67366536458333","2.5642903645833335","2.5642903645833335","2.5642903645833335"
"17215.265827659","74.67366536458333","74.67366536458333","74.67366536458333","2.5642903645833335","2.5642903645833335","2.5642903645833335"
"17225.266828393","74.67366536458333","74.67366536458333","74.67366536458333","2.5642903645833335","2.5642903645833335","2.5642903645833335"
"17235.26744937","74.67366536458333","74.67366536458333","74.67366536458333","2.5642903645833335","2.5642903645833335","2.5642903645833335"
"17245.272881689","74.67366536458333","74.67366536458333","74.67366536458333","2.5642903645833335","2.5642903645833335","2.5642903645833335"
"17255.267158734","74.67366536458333","74.67366536458333","74.67366536458333","2.5642903645833335","2.5642903645833335","2.5642903645833335"
"17265.265956664","74.67366536458333","74.67366536458333","74.67366536458333","2.5642903645833335","2.5642903645833335","2.5642903645833335"
"17275.26617967","74.67366536458333","74.67366536458333","74.67366536458333","2.5642903645833335","2.5642903645833335","2.5642903645833335"
"17285.26778534","74.67366536458333","74.67366536458333","74.67366536458333","2.5642903645833335","2.5642903645833335","2.5642903645833335"
"17295.27063506","74.67366536458333","74.67366536458333","74.67366536458333","2.5642903645833335","2.5642903645833335","2.5642903645833335"
"17305.267730595","74.67366536458333","74.67366536458333","74.67366536458333","2.5642903645833335","2.5642903645833335","2.5642903645833335"
"17315.267349426","74.67366536458333","74.67366536458333","74.67366536458333","2.5642903645833335","2.5642903645833335","2.5642903645833335"
"17325.268378118","74.67366536458333","74.67366536458333","74.67366536458333","2.5642903645833335","2.5642903645833335","2.5642903645833335"
"17335.267402136","74.67366536458333","74.67366536458333","74.67366536458333","2.5642903645833335","2.5642903645833335","2.5642903645833335"
"17345.266780663","74.67366536458333","74.67366536458333","74.67366536458333","2.5642903645833335","2.5642903645833335","2.5642903645833335"
"17355.270233454","74.67366536458333","74.67366536458333","74.67366536458333","2.5642903645833335","2.5642903645833335","2.5642903645833335"
"17365.265643144","74.67366536458333","74.67366536458333","74.67366536458333","2.5642903645833335","2.5642903645833335","2.5642903645833335"
"17375.271250894","74.67366536458333","74.67366536458333","74.67366536458333","2.5642903645833335","2.5642903645833335","2.5642903645833335"
"17385.272061748","74.67366536458333","74.67366536458333","74.67366536458333","2.5642903645833335","2.5642903645833335","2.5642903645833335"
"17395.268697767","74.67366536458333","74.67366536458333","74.67366536458333","2.5642903645833335","2.5642903645833335","2.5642903645833335"
"17405.269637208","74.67366536458333","74.67366536458333","74.67366536458333","2.5642903645833335","2.5642903645833335","2.5642903645833335"
"17415.277929885","74.67366536458333","74.67366536458333","74.67366536458333","2.5642903645833335","2.5642903645833335","2.5642903645833335"
"17425.268160463","74.67366536458333","74.67366536458333","74.67366536458333","2.5642903645833335","2.5642903645833335","2.5642903645833335"
"17435.268400166","74.67366536458333","74.67366536458333","74.67366536458333","2.5642903645833335","2.5642903645833335","2.5642903645833335"
"17445.267440765","74.67366536458333","74.67366536458333","74.67366536458333","2.5642903645833335","2.5642903645833335","2.5642903645833335"
"17455.27121072","74.67366536458333","74.67366536458333","74.67366536458333","2.5642903645833335","2.5642903645833335","2.5642903645833335"
"17465.267162014","74.67366536458333","74.67366536458333","74.67366536458333","2.5642903645833335","2.5642903645833335","2.5642903645833335"
"17475.268585868","74.67366536458333","74.67366536458333","74.67366536458333","2.5642903645833335","2.5642903645833335","2.5642903645833335"
"17485.282270923","74.67366536458333","74.67366536458333","74.67366536458333","2.5642903645833335","2.5642903645833335","2.5642903645833335"
"17495.273576078","74.67366536458333","74.67366536458333","74.67366536458333","2.5642903645833335","2.5642903645833335","2.5642903645833335"
"17505.268171168","74.67366536458333","74.67366536458333","74.67366536458333","2.5642903645833335","2.5642903645833335","2.5642903645833335"
"17515.26515908","74.67366536458333","74.67366536458333","74.67366536458333","2.5642903645833335","2.5642903645833335","2.5642903645833335"
"17525.268951401","74.67366536458333","74.67366536458333","74.67366536458333","2.5642903645833335","2.5642903645833335","2.5642903645833335"
"17535.269452793","74.67366536458333","74.67366536458333","74.67366536458333","2.5642903645833335","2.5642903645833335","2.5642903645833335"
"17545.266533594","74.67366536458333","74.67366536458333","74.67366536458333","2.5642903645833335","2.5642903645833335","2.5642903645833335"
"17555.275919265","74.67366536458333","74.67366536458333","74.67366536458333","2.5642903645833335","2.5642903645833335","2.5642903645833335"
"17565.268650228","74.67366536458333","74.67366536458333","74.67366536458333","2.5642903645833335","2.5642903645833335","2.5642903645833335"
"17575.272761354","74.67366536458333","74.67366536458333","74.67366536458333","2.5642903645833335","2.5642903645833335","2.5642903645833335"
"17585.268196801","74.67366536458333","74.67366536458333","74.67366536458333","2.5642903645833335","2.5642903645833335","2.5642903645833335"
"17595.274957016","74.67366536458333","74.67366536458333","74.67366536458333","2.5642903645833335","2.5642903645833335","2.5642903645833335"
"17605.266960683","74.67366536458333","74.67366536458333","74.67366536458333","2.5642903645833335","2.5642903645833335","2.5642903645833335"
"17615.274020368","74.67366536458333","74.67366536458333","74.67366536458333","2.5642903645833335","2.5642903645833335","2.5642903645833335"
"17625.269712483","74.67366536458333","74.67366536458333","74.67366536458333","2.5642903645833335","2.5642903645833335","2.5642903645833335"
"17635.27506175","74.67366536458333","74.67366536458333","74.67366536458333","2.5642903645833335","2.5642903645833335","2.5642903645833335"
"17645.265432946","74.67366536458333","74.67366536458333","74.67366536458333","2.5642903645833335","2.5642903645833335","2.5642903645833335"
"17655.266257626","74.67366536458333","74.67366536458333","74.67366536458333","2.5642903645833335","2.5642903645833335","2.5642903645833335"
"17665.270654035","74.67366536458333","74.67366536458333","74.67366536458333","2.5642903645833335","2.5642903645833335","2.5642903645833335"
"17675.273184513","74.67366536458333","74.67366536458333","74.67366536458333","2.5642903645833335","2.5642903645833335","2.5642903645833335"
"17685.267795064","74.67366536458333","74.67366536458333","74.67366536458333","2.5642903645833335","2.5642903645833335","2.5642903645833335"
"17695.269475745","74.67366536458333","74.67366536458333","74.67366536458333","2.5642903645833335","2.5642903645833335","2.5642903645833335"
"17705.269087141","74.67366536458333","74.67366536458333","74.67366536458333","2.5642903645833335","2.5642903645833335","2.5642903645833335"
"17715.2678203","74.67366536458333","74.67366536458333","74.67366536458333","2.5642903645833335","2.5642903645833335","2.5642903645833335"
"17725.266156326","74.67366536458333","74.67366536458333","74.67366536458333","2.5642903645833335","2.5642903645833335","2.5642903645833335"
"17735.266457633","74.67366536458333","74.67366536458333","74.67366536458333","2.5642903645833335","2.5642903645833335","2.5642903645833335"
"17745.27004891","74.67366536458333","74.67366536458333","74.67366536458333","2.5642903645833335","2.5642903645833335","2.5642903645833335"
"17755.266823324","74.67366536458333","74.67366536458333","74.67366536458333","2.5642903645833335","2.5642903645833335","2.5642903645833335"
"17765.277649124","74.67366536458333","74.67366536458333","74.67366536458333","2.5642903645833335","2.5642903645833335","2.5642903645833335"
"17775.278195545","74.67366536458333","74.67366536458333","74.67366536458333","2.5642903645833335","2.5642903645833335","2.5642903645833335"
"17785.266930754","74.67366536458333","74.67366536458333","74.67366536458333","2.5642903645833335","2.5642903645833335","2.5642903645833335"
"17795.267971756","74.67366536458333","74.67366536458333","74.67366536458333","2.5642903645833335","2.5642903645833335","2.5642903645833335"
"17805.279514047","74.67366536458333","74.67366536458333","74.67366536458333","2.5642903645833335","2.5642903645833335","2.5642903645833335"
"17815.269591019","74.67366536458333","74.67366536458333","74.67366536458333","2.5642903645833335","2.5642903645833335","2.5642903645833335"
"17825.270061996","74.67366536458333","74.67366536458333","74.67366536458333","2.5642903645833335","2.5642903645833335","2.5642903645833335"
"17835.271824163","74.67366536458333","74.67366536458333","74.67366536458333","2.5642903645833335","2.5642903645833335","2.5642903645833335"
"17845.26803061","74.67366536458333","74.67366536458333","74.67366536458333","2.5642903645833335","2.5642903645833335","2.5642903645833335"
"17855.267670073","74.67366536458333","74.67366536458333","74.67366536458333","2.5642903645833335","2.5642903645833335","2.5642903645833335"
"17865.269790215","74.67366536458333","74.67366536458333","74.67366536458333","2.5642903645833335","2.5642903645833335","2.5642903645833335"
"17875.26741898","74.67366536458333","74.67366536458333","74.67366536458333","2.5642903645833335","2.5642903645833335","2.5642903645833335"
"17885.273603884","74.67366536458333","74.67366536458333","74.67366536458333","2.5642903645833335","2.5642903645833335","2.5642903645833335"
"17895.268801065","74.67366536458333","74.67366536458333","74.67366536458333","2.5642903645833335","2.5642903645833335","2.5642903645833335"
"17905.267190954","74.67366536458333","74.67366536458333","74.67366536458333","2.5642903645833335","2.5642903645833335","2.5642903645833335"
"17915.266183838","74.67366536458333","74.67366536458333","74.67366536458333","2.5642903645833335","2.5642903645833335","2.5642903645833335"
"17925.273795371","74.67366536458333","74.67366536458333","74.67366536458333","2.5642903645833335","2.5642903645833335","2.5642903645833335"
"17935.272437891","74.67366536458333","74.67366536458333","74.67366536458333","2.5642903645833335","2.5642903645833335","2.5642903645833335"
"17945.267300383","74.67366536458333","74.67366536458333","74.67366536458333","2.5642903645833335","2.5642903645833335","2.5642903645833335"
"17955.267904232","74.67366536458333","74.67366536458333","74.67366536458333","2.5642903645833335","2.5642903645833335","2.5642903645833335"
"17965.269052908","74.67366536458333","74.67366536458333","74.67366536458333","2.5642903645833335","2.5642903645833335","2.5642903645833335"
"17975.266330067","74.67366536458333","74.67366536458333","74.67366536458333","2.5642903645833335","2.5642903645833335","2.5642903645833335"
"17985.269110924","74.67366536458333","74.67366536458333","74.67366536458333","2.5642903645833335","2.5642903645833335","2.5642903645833335"
"17995.266145279","74.67366536458333","74.67366536458333","74.67366536458333","2.5642903645833335","2.5642903645833335","2.5642903645833335"
"18005.273910511","74.67366536458333","74.67366536458333","74.67366536458333","2.5642903645833335","2.5642903645833335","2.5642903645833335"
"18015.271839535","74.67366536458333","74.67366536458333","74.67366536458333","2.5642903645833335","2.5642903645833335","2.5642903645833335"
"18025.266356255","74.67366536458333","74.67366536458333","74.67366536458333","2.5642903645833335","2.5642903645833335","2.5642903645833335"
"18035.265080369","74.67366536458333","74.67366536458333","74.67366536458333","2.5642903645833335","2.5642903645833335","2.5642903645833335"
"18045.273935694","74.67366536458333","74.67366536458333","74.67366536458333","2.5642903645833335","2.5642903645833335","2.5642903645833335"
"18055.266782883","74.67366536458333","74.67366536458333","74.67366536458333","2.5642903645833335","2.5642903645833335","2.5642903645833335"
"18065.27586016","74.67366536458333","74.67366536458333","74.67366536458333","2.5642903645833335","2.5642903645833335","2.5642903645833335"
"18075.270207904","74.67366536458333","74.67366536458333","74.67366536458333","2.5642903645833335","2.5642903645833335","2.5642903645833335"
"18085.265237079","74.67366536458333","74.67366536458333","74.67366536458333","2.5642903645833335","2.5642903645833335","2.5642903645833335"
"18095.274436704","74.67366536458333","74.67366536458333","74.67366536458333","2.5642903645833335","2.5642903645833335","2.5642903645833335"
"18105.28035631","74.67366536458333","74.67366536458333","74.67366536458333","2.5642903645833335","2.5642903645833335","2.5642903645833335"
"18115.266027006","74.67366536458333","74.67366536458333","74.67366536458333","2.5642903645833335","2.5642903645833335","2.5642903645833335"
"18125.270061676","74.67366536458333","74.67366536458333","74.67366536458333","2.5642903645833335","2.5642903645833335","2.5642903645833335"
"18135.272021064","74.67366536458333","74.67366536458333","74.67366536458333","2.5642903645833335","2.5642903645833335","2.5642903645833335"
"18145.279368302","74.67366536458333","74.67366536458333","74.67366536458333","2.5642903645833335","2.5642903645833335","2.5642903645833335"
"18155.26698681","74.67366536458333","74.67366536458333","74.67366536458333","2.5642903645833335","2.5642903645833335","2.5642903645833335"
"18165.267423983","74.67366536458333","74.67366536458333","74.67366536458333","2.5642903645833335","2.5642903645833335","2.5642903645833335"
"18175.270756687","74.67366536458333","74.67366536458333","74.67366536458333","2.5642903645833335","2.5642903645833335","2.5642903645833335"
"18185.267282018","74.67366536458333","74.67366536458333","74.67366536458333","2.5642903645833335","2.5642903645833335","2.5642903645833335"
"18195.266100812","74.67366536458333","74.67366536458333","74.67366536458333","2.5642903645833335","2.5642903645833335","2.5642903645833335"
"18205.26701551","74.67366536458333","74.67366536458333","74.67366536458333","2.5642903645833335","2.5642903645833335","2.5642903645833335"
"18215.271504333","74.67366536458333","74.67366536458333","74.67366536458333","2.5642903645833335","2.5642903645833335","2.5642903645833335"
"18225.267486552","74.67366536458333","74.67366536458333","74.67366536458333","2.5642903645833335","2.5642903645833335","2.5642903645833335"
"18235.265482844","74.67366536458333","74.67366536458333","74.67366536458333","2.5642903645833335","2.5642903645833335","2.5642903645833335"
"18245.266710183","74.67366536458333","74.67366536458333","74.67366536458333","2.5642903645833335","2.5642903645833335","2.5642903645833335"
"18255.267767778","74.67366536458333","74.67366536458333","74.67366536458333","2.5642903645833335","2.5642903645833335","2.5642903645833335"
"18265.267328932","74.67366536458333","74.67366536458333","74.67366536458333","2.5642903645833335","2.5642903645833335","2.5642903645833335"
"18275.266077447","74.67366536458333","74.67366536458333","74.67366536458333","2.5642903645833335","2.5642903645833335","2.5642903645833335"
"18285.276480207","74.67366536458333","74.67366536458333","74.67366536458333","2.5642903645833335","2.5642903645833335","2.5642903645833335"
"18295.271579858","74.67366536458333","74.67366536458333","74.67366536458333","2.5642903645833335","2.5642903645833335","2.5642903645833335"
"18305.266790475","74.67366536458333","74.67366536458333","74.67366536458333","2.5642903645833335","2.5642903645833335","2.5642903645833335"
"18315.267231524","74.67366536458333","74.67366536458333","74.67366536458333","2.5642903645833335","2.5642903645833335","2.5642903645833335"
"18325.271618059","74.67366536458333","74.67366536458333","74.67366536458333","2.5642903645833335","2.5642903645833335","2.5642903645833335"
"18335.277495081","74.67366536458333","74.67366536458333","74.67366536458333","2.5642903645833335","2.5642903645833335","2.5642903645833335"
"18345.27480356","74.67366536458333","74.67366536458333","74.67366536458333","2.5642903645833335","2.5642903645833335","2.5642903645833335"
"18355.276915403","74.67366536458333","74.67366536458333","74.67366536458333","2.5642903645833335","2.5642903645833335","2.5642903645833335"
"18365.274037109","74.67366536458333","74.67366536458333","74.67366536458333","2.5642903645833335","2.5642903645833335","2.5642903645833335"
"18375.269240431","74.67366536458333","74.67366536458333","74.67366536458333","2.5642903645833335","2.5642903645833335","2.5642903645833335"
"18385.273895017","74.67366536458333","74.67366536458333","74.67366536458333","2.5642903645833335","2.5642903645833335","2.5642903645833335"
"18395.272742187","74.67366536458333","74.67366536458333","74.67366536458333","2.5642903645833335","2.5642903645833335","2.5642903645833335"
"18405.276071668","74.67366536458333","74.67366536458333","74.67366536458333","2.5642903645833335","2.5642903645833335","2.5642903645833335"
"18415.266060888","74.67366536458333","74.67366536458333","74.67366536458333","2.5642903645833335","2.5642903645833335","2.5642903645833335"
"18425.268418275","74.67366536458333","74.67366536458333","74.67366536458333","2.5642903645833335","2.5642903645833335","2.5642903645833335"
"18435.270287948","74.67366536458333","74.67366536458333","74.67366536458333","2.5642903645833335","2.5642903645833335","2.5642903645833335"
"18445.27354475","74.67366536458333","74.67366536458333","74.67366536458333","2.5642903645833335","2.5642903645833335","2.5642903645833335"
"18455.267122418","74.67366536458333","74.67366536458333","74.67366536458333","2.5642903645833335","2.5642903645833335","2.5642903645833335"
"18465.271811288","74.67366536458333","74.67366536458333","74.67366536458333","2.5642903645833335","2.5642903645833335","2.5642903645833335"
"18475.27081905","74.67366536458333","74.67366536458333","74.67366536458333","2.5642903645833335","2.5642903645833335","2.5642903645833335"
"18485.26541244","74.67366536458333","74.67366536458333","74.67366536458333","2.5642903645833335","2.5642903645833335","2.5642903645833335"
"18495.271555324","74.67366536458333","74.67366536458333","74.67366536458333","2.5642903645833335","2.5642903645833335","2.5642903645833335"
"18505.267832353","74.67366536458333","74.67366536458333","74.67366536458333","2.5642903645833335","2.5642903645833335","2.5642903645833335"
"18515.266732412","74.67366536458333","74.67366536458333","74.67366536458333","2.5642903645833335","2.5642903645833335","2.5642903645833335"
"18525.266355675","74.67366536458333","74.67366536458333","74.67366536458333","2.5642903645833335","2.5642903645833335","2.5642903645833335"
"18535.270500174","74.67366536458333","74.67366536458333","74.67366536458333","2.5642903645833335","2.5642903645833335","2.5642903645833335"
"18545.273563592","74.67366536458333","74.67366536458333","74.67366536458333","2.5642903645833335","2.5642903645833335","2.5642903645833335"
"18555.269769418","74.67366536458333","74.67366536458333","74.67366536458333","2.5642903645833335","2.5642903645833335","2.5642903645833335"
"18565.267785226","74.67366536458333","74.67366536458333","74.67366536458333","2.5642903645833335","2.5642903645833335","2.5642903645833335"
"18575.267475876","74.67366536458333","74.67366536458333","74.67366536458333","2.5642903645833335","2.5642903645833335","2.5642903645833335"
"18585.275880229","74.67366536458333","74.67366536458333","74.67366536458333","2.5642903645833335","2.5642903645833335","2.5642903645833335"
"18595.269194884","74.67366536458333","74.67366536458333","74.67366536458333","2.5642903645833335","2.5642903645833335","2.5642903645833335"
"18605.266042408","74.67366536458333","74.67366536458333","74.67366536458333","2.5642903645833335","2.5642903645833335","2.5642903645833335"
"18615.27605467","74.67366536458333","74.67366536458333","74.67366536458333","2.5642903645833335","2.5642903645833335","2.5642903645833335"
"18625.268696211","74.67366536458333","74.67366536458333","74.67366536458333","2.5642903645833335","2.5642903645833335","2.5642903645833335"
"18635.273787376","74.67366536458333","74.67366536458333","74.67366536458333","2.5642903645833335","2.5642903645833335","2.5642903645833335"
"18645.268659872","74.67366536458333","74.67366536458333","74.67366536458333","2.5642903645833335","2.5642903645833335","2.5642903645833335"
"18655.269623654","74.67366536458333","74.67366536458333","74.67366536458333","2.5642903645833335","2.5642903645833335","2.5642903645833335"
"18665.266096033","74.67366536458333","74.67366536458333","74.67366536458333","2.5642903645833335","2.5642903645833335","2.5642903645833335"
"18675.268245932","74.67366536458333","74.67366536458333","74.67366536458333","2.5642903645833335","2.5642903645833335","2.5642903645833335"
"18685.267688686","74.67366536458333","74.67366536458333","74.67366536458333","2.5642903645833335","2.5642903645833335","2.5642903645833335"
"18695.268959173","74.67366536458333","74.67366536458333","74.67366536458333","2.5642903645833335","2.5642903645833335","2.5642903645833335"
"18705.267492369","74.67366536458333","74.67366536458333","74.67366536458333","2.5642903645833335","2.5642903645833335","2.5642903645833335"
"18715.273139311","74.67366536458333","74.67366536458333","74.67366536458333","2.5642903645833335","2.5642903645833335","2.5642903645833335"
"18725.267585609","74.67366536458333","74.67366536458333","74.67366536458333","2.5642903645833335","2.5642903645833335","2.5642903645833335"
"18735.268802949","74.67366536458333","74.67366536458333","74.67366536458333","2.5642903645833335","2.5642903645833335","2.5642903645833335"
"18745.266922048","74.67366536458333","74.67366536458333","74.67366536458333","2.5642903645833335","2.5642903645833335","2.5642903645833335"
"18755.266907934","74.67366536458333","74.67366536458333","74.67366536458333","2.5642903645833335","2.5642903645833335","2.5642903645833335"
"18765.272459815","74.67366536458333","74.67366536458333","74.67366536458333","2.5642903645833335","2.5642903645833335","2.5642903645833335"
"18775.269118368","74.67366536458333","74.67366536458333","74.67366536458333","2.5642903645833335","2.5642903645833335","2.5642903645833335"
"18785.277821136","74.67366536458333","74.67366536458333","74.67366536458333","2.5642903645833335","2.5642903645833335","2.5642903645833335"
"18795.273333176","74.67366536458333","74.67366536458333","74.67366536458333","2.5642903645833335","2.5642903645833335","2.5642903645833335"
"18805.267034245","74.67366536458333","74.67366536458333","74.67366536458333","2.5642903645833335","2.5642903645833335","2.5642903645833335"
"18815.271389003","74.67366536458333","74.67366536458333","74.67366536458333","2.5642903645833335","2.5642903645833335","2.5642903645833335"
"18825.267896317","74.67366536458333","74.67366536458333","74.67366536458333","2.5642903645833335","2.5642903645833335","2.5642903645833335"
"18835.266384935","74.67366536458333","74.67366536458333","74.67366536458333","2.5642903645833335","2.5642903645833335","2.5642903645833335"
"18845.271046046","74.67366536458333","74.67366536458333","74.67366536458333","2.5642903645833335","2.5642903645833335","2.5642903645833335"
"18855.267490844","74.67366536458333","74.67366536458333","74.67366536458333","2.5642903645833335","2.5642903645833335","2.5642903645833335"
"18865.266265951","74.67366536458333","74.67366536458333","74.67366536458333","2.5642903645833335","2.5642903645833335","2.5642903645833335"
"18875.266054863","74.67366536458333","74.67366536458333","74.67366536458333","2.5642903645833335","2.5642903645833335","2.5642903645833335"
"18885.268327089","74.67366536458333","74.67366536458333","74.67366536458333","2.5642903645833335","2.5642903645833335","2.5642903645833335"
"18895.268509146","74.67366536458333","74.67366536458333","74.67366536458333","2.5642903645833335","2.5642903645833335","2.5642903645833335"
"18905.267378832","74.67366536458333","74.67366536458333","74.67366536458333","2.5642903645833335","2.5642903645833335","2.5642903645833335"
"18915.273659872","74.67366536458333","74.67366536458333","74.67366536458333","2.5642903645833335","2.5642903645833335","2.5642903645833335"
"18925.266288228","74.67366536458333","74.67366536458333","74.67366536458333","2.5642903645833335","2.5642903645833335","2.5642903645833335"
"18935.266467973","74.67366536458333","74.67366536458333","74.67366536458333","2.5642903645833335","2.5642903645833335","2.5642903645833335"
"18945.267974705","74.67366536458333","74.67366536458333","74.67366536458333","2.5642903645833335","2.5642903645833335","2.5642903645833335"
"18955.265913147","74.67366536458333","74.67366536458333","74.67366536458333","2.5642903645833335","2.5642903645833335","2.5642903645833335"
"18965.266265118","74.67366536458333","74.67366536458333","74.67366536458333","2.5642903645833335","2.5642903645833335","2.5642903645833335"
"18975.275199161","74.67366536458333","74.67366536458333","74.67366536458333","2.5642903645833335","2.5642903645833335","2.5642903645833335"
"18985.275328832","74.67366536458333","74.67366536458333","74.67366536458333","2.5642903645833335","2.5642903645833335","2.5642903645833335"
"18995.269108308","74.67366536458333","74.67366536458333","74.67366536458333","2.5642903645833335","2.5642903645833335","2.5642903645833335"
"19005.266414887","74.67366536458333","74.67366536458333","74.67366536458333","2.5642903645833335","2.5642903645833335","2.5642903645833335"
"19015.267211739","74.67366536458333","74.67366536458333","74.67366536458333","2.5642903645833335","2.5642903645833335","2.5642903645833335"
"19025.276098937","74.67366536458333","74.67366536458333","74.67366536458333","2.5642903645833335","2.5642903645833335","2.5642903645833335"
"19035.26585234","74.67366536458333","74.67366536458333","74.67366536458333","2.5642903645833335","2.5642903645833335","2.5642903645833335"
"19045.269912025","74.67366536458333","74.67366536458333","74.67366536458333","2.5642903645833335","2.5642903645833335","2.5642903645833335"
"19055.28117832","74.67366536458333","74.67366536458333","74.67366536458333","2.5642903645833335","2.5642903645833335","2.5642903645833335"
"19065.267851011","74.67366536458333","74.67366536458333","74.67366536458333","2.5642903645833335","2.5642903645833335","2.5642903645833335"
"19075.267422994","74.67366536458333","74.67366536458333","74.67366536458333","2.5642903645833335","2.5642903645833335","2.5642903645833335"
"19085.269721692","74.67366536458333","74.67366536458333","74.67366536458333","2.5642903645833335","2.5642903645833335","2.5642903645833335"
"19095.271279965","74.67366536458333","74.67366536458333","74.67366536458333","2.5642903645833335","2.5642903645833335","2.5642903645833335"
"19105.268389166","74.67366536458333","74.67366536458333","74.67366536458333","2.5642903645833335","2.5642903645833335","2.5642903645833335"
"19115.268018127","74.67366536458333","74.67366536458333","74.67366536458333","2.5642903645833335","2.5642903645833335","2.5642903645833335"
"19125.269935355","74.67366536458333","74.67366536458333","74.67366536458333","2.5642903645833335","2.5642903645833335","2.5642903645833335"
"19135.267790748","74.67366536458333","74.67366536458333","74.67366536458333","2.5642903645833335","2.5642903645833335","2.5642903645833335"
"19145.267543858","74.67366536458333","74.67366536458333","74.67366536458333","2.5642903645833335","2.5642903645833335","2.5642903645833335"
"19155.269145969","74.67366536458333","74.67366536458333","74.67366536458333","2.5642903645833335","2.5642903645833335","2.5642903645833335"
"19165.270048711","74.67366536458333","74.67366536458333","74.67366536458333","2.5642903645833335","2.5642903645833335","2.5642903645833335"
"19175.267828042","74.67366536458333","74.67366536458333","74.67366536458333","2.5642903645833335","2.5642903645833335","2.5642903645833335"
"19185.268115385","74.67366536458333","74.67366536458333","74.67366536458333","2.5642903645833335","2.5642903645833335","2.5642903645833335"
"19195.267564221","74.67366536458333","74.67366536458333","74.67366536458333","2.5642903645833335","2.5642903645833335","2.5642903645833335"
"19205.267801383","74.67366536458333","74.67366536458333","74.67366536458333","2.5642903645833335","2.5642903645833335","2.5642903645833335"
"19215.268777592","74.67366536458333","74.67366536458333","74.67366536458333","2.5642903645833335","2.5642903645833335","2.5642903645833335"
"19225.267099193","74.67366536458333","74.67366536458333","74.67366536458333","2.5642903645833335","2.5642903645833335","2.5642903645833335"
"19235.273727586","74.67366536458333","74.67366536458333","74.67366536458333","2.5642903645833335","2.5642903645833335","2.5642903645833335"
"19245.268638825","74.67366536458333","74.67366536458333","74.67366536458333","2.5642903645833335","2.5642903645833335","2.5642903645833335"
"19255.267406841","74.67366536458333","74.67366536458333","74.67366536458333","2.5642903645833335","2.5642903645833335","2.5642903645833335"
"19265.271735897","74.67366536458333","74.67366536458333","74.67366536458333","2.5642903645833335","2.5642903645833335","2.5642903645833335"
"19275.269903163","74.67366536458333","74.67366536458333","74.67366536458333","2.5642903645833335","2.5642903645833335","2.5642903645833335"
"19285.265540874","74.67366536458333","74.67366536458333","74.67366536458333","2.5642903645833335","2.5642903645833335","2.5642903645833335"
"19295.266968222","74.67366536458333","74.67366536458333","74.67366536458333","2.5642903645833335","2.5642903645833335","2.5642903645833335"
"19305.267115978","74.67366536458333","74.67366536458333","74.67366536458333","2.5642903645833335","2.5642903645833335","2.5642903645833335"
"19315.266656057","74.67366536458333","74.67366536458333","74.67366536458333","2.5642903645833335","2.5642903645833335","2.5642903645833335"
"19325.27093873","74.67366536458333","74.67366536458333","74.67366536458333","2.5642903645833335","2.5642903645833335","2.5642903645833335"
"19335.277933246","74.67366536458333","74.67366536458333","74.67366536458333","2.5642903645833335","2.5642903645833335","2.5642903645833335"
"19345.266667019","74.67366536458333","74.67366536458333","74.67366536458333","2.5642903645833335","2.5642903645833335","2.5642903645833335"
"19355.268659089","74.67366536458333","74.67366536458333","74.67366536458333","2.5642903645833335","2.5642903645833335","2.5642903645833335"
"19365.277687197","74.67366536458333","74.67366536458333","74.67366536458333","2.5642903645833335","2.5642903645833335","2.5642903645833335"
"19375.268581658","74.67366536458333","74.67366536458333","74.67366536458333","2.5642903645833335","2.5642903645833335","2.5642903645833335"
"19385.266324726","74.67366536458333","74.67366536458333","74.67366536458333","2.5642903645833335","2.5642903645833335","2.5642903645833335"
"19395.274102665","74.67366536458333","74.67366536458333","74.67366536458333","2.5642903645833335","2.5642903645833335","2.5642903645833335"
"19405.270526973","74.67366536458333","74.67366536458333","74.67366536458333","2.5642903645833335","2.5642903645833335","2.5642903645833335"
"19415.265966053","74.67366536458333","74.67366536458333","74.67366536458333","2.5642903645833335","2.5642903645833335","2.5642903645833335"
"19425.266768985","74.67366536458333","74.67366536458333","74.67366536458333","2.5642903645833335","2.5642903645833335","2.5642903645833335"
"19435.267897158","74.67366536458333","74.67366536458333","74.67366536458333","2.5642903645833335","2.5642903645833335","2.5642903645833335"
"19445.269688371","74.67366536458333","74.67366536458333","74.67366536458333","2.5642903645833335","2.5642903645833335","2.5642903645833335"
"19455.26933315","74.67366536458333","74.67366536458333","74.67366536458333","2.5642903645833335","2.5642903645833335","2.5642903645833335"
"19465.26963784","74.67366536458333","74.67366536458333","74.67366536458333","2.5642903645833335","2.5642903645833335","2.5642903645833335"
"19475.267519043","74.67366536458333","74.67366536458333","74.67366536458333","2.5642903645833335","2.5642903645833335","2.5642903645833335"
"19485.267813907","74.67366536458333","74.67366536458333","74.67366536458333","2.5642903645833335","2.5642903645833335","2.5642903645833335"
"19495.267403955","74.67366536458333","74.67366536458333","74.67366536458333","2.5642903645833335","2.5642903645833335","2.5642903645833335"
"19505.280413686","74.67366536458333","74.67366536458333","74.67366536458333","2.5642903645833335","2.5642903645833335","2.5642903645833335"
"19515.26764924","74.67366536458333","74.67366536458333","74.67366536458333","2.5642903645833335","2.5642903645833335","2.5642903645833335"
"19525.269813851","74.67366536458333","74.67366536458333","74.67366536458333","2.5642903645833335","2.5642903645833335","2.5642903645833335"
"19535.267458014","74.67366536458333","74.67366536458333","74.67366536458333","2.5642903645833335","2.5642903645833335","2.5642903645833335"
"19545.274397443","74.67366536458333","74.67366536458333","74.67366536458333","2.5642903645833335","2.5642903645833335","2.5642903645833335"
"19555.276986685","74.67366536458333","74.67366536458333","74.67366536458333","2.5642903645833335","2.5642903645833335","2.5642903645833335"
"19565.267381545","74.67366536458333","74.67366536458333","74.67366536458333","2.5642903645833335","2.5642903645833335","2.5642903645833335"
"19575.266617954","74.67366536458333","74.67366536458333","74.67366536458333","2.5642903645833335","2.5642903645833335","2.5642903645833335"
"19585.265977942","74.67366536458333","74.67366536458333","74.67366536458333","2.5642903645833335","2.5642903645833335","2.5642903645833335"
"19595.266903305","74.67366536458333","74.67366536458333","74.67366536458333","2.5642903645833335","2.5642903645833335","2.5642903645833335"
"19605.2739174","74.67366536458333","74.67366536458333","74.67366536458333","2.5642903645833335","2.5642903645833335","2.5642903645833335"
"19615.26859333","74.67366536458333","74.67366536458333","74.67366536458333","2.5642903645833335","2.5642903645833335","2.5642903645833335"
"19625.265692785","74.67366536458333","74.67366536458333","74.67366536458333","2.5642903645833335","2.5642903645833335","2.5642903645833335"
"19635.268219081","74.67366536458333","74.67366536458333","74.67366536458333","2.5642903645833335","2.5642903645833335","2.5642903645833335"
"19645.273191445","74.67366536458333","74.67366536458333","74.67366536458333","2.5642903645833335","2.5642903645833335","2.5642903645833335"
"19655.26680192","74.67366536458333","74.67366536458333","74.67366536458333","2.5642903645833335","2.5642903645833335","2.5642903645833335"
"19665.275435698","74.67366536458333","74.67366536458333","74.67366536458333","2.5642903645833335","2.5642903645833335","2.5642903645833335"
"19675.269243177","74.67366536458333","74.67366536458333","74.67366536458333","2.5642903645833335","2.5642903645833335","2.5642903645833335"
"19685.268825351","74.67366536458333","74.67366536458333","74.67366536458333","2.5642903645833335","2.5642903645833335","2.5642903645833335"
"19695.26692255","74.67366536458333","74.67366536458333","74.67366536458333","2.5642903645833335","2.5642903645833335","2.5642903645833335"
"19705.266034451","74.67366536458333","74.67366536458333","74.67366536458333","2.5642903645833335","2.5642903645833335","2.5642903645833335"
"19715.266304412","74.67366536458333","74.67366536458333","74.67366536458333","2.5642903645833335","2.5642903645833335","2.5642903645833335"
"19725.26777561","74.67366536458333","74.67366536458333","74.67366536458333","2.5642903645833335","2.5642903645833335","2.5642903645833335"
"19735.265830155","75.09033203125","75.09033203125","75.09033203125","2.5642903645833335","2.5642903645833335","2.5642903645833335"
"19745.275418375","75.09033203125","75.09033203125","75.09033203125","2.5642903645833335","2.5642903645833335","2.5642903645833335"
"19755.267863838","75.09033203125","75.09033203125","75.09033203125","2.5642903645833335","2.5642903645833335","2.5642903645833335"
"19765.265842439","75.09033203125","75.09033203125","75.09033203125","2.5642903645833335","2.5642903645833335","2.5642903645833335"
"19775.267780258","75.09033203125","75.09033203125","75.09033203125","2.5642903645833335","2.5642903645833335","2.5642903645833335"
"19785.267570961","75.09033203125","75.09033203125","75.09033203125","2.5642903645833335","2.5642903645833335","2.5642903645833335"
"19795.268287175","75.09033203125","75.09033203125","75.09033203125","2.5642903645833335","2.5642903645833335","2.5642903645833335"
"19805.266074941","75.09033203125","75.09033203125","75.09033203125","2.5642903645833335","2.5642903645833335","2.5642903645833335"
"19815.274512532","75.09033203125","75.09033203125","75.09033203125","2.5642903645833335","2.5642903645833335","2.5642903645833335"
"19825.26960977","75.09033203125","75.09033203125","75.09033203125","2.5642903645833335","2.5642903645833335","2.5642903645833335"
"19835.267077515","75.09033203125","75.09033203125","75.09033203125","2.5642903645833335","2.5642903645833335","2.5642903645833335"
"19845.265638707","75.09033203125","75.09033203125","75.09033203125","2.5642903645833335","2.5642903645833335","2.5642903645833335"
"20645.267958144","75.09033203125","75.09033203125","75.09033203125","2.5642903645833335","2.5642903645833335","2.5642903645833335"
"21775.267899982","75.09033203125","75.09033203125","75.09033203125","2.5642903645833335","2.5642903645833335","2.5642903645833335"
"21785.267030066","75.09033203125","75.09033203125","75.09033203125","2.5642903645833335","2.5642903645833335","2.5642903645833335"
"21795.266270352","75.09033203125","75.09033203125","75.09033203125","2.5642903645833335","2.5642903645833335","2.5642903645833335"
"21805.266304699","75.09033203125","75.09033203125","75.09033203125","2.5642903645833335","2.5642903645833335","2.5642903645833335"